# time	A	B
0	1.0	0.0
9.999999999999982e-05	0.9930927060285414	0.00690729397145818
0.00019999999999999955	0.9862331227670911	0.013766877232908219
0.0003000000000000008	0.9794209206637494	0.020579079336249733
0.0004000000000000032	0.9726557724429291	0.02734422755707046
0.0005000000000000056	0.96593735308963	0.03406264691036951
0.0006000000000000081	0.9592653398338277	0.040734660166171784
0.0007000000000000105	0.9526394121349646	0.04736058786503475
0.0008000000000000129	0.9460592516665518	0.05394074833344809
0.0009000000000000154	0.9395245423008727	0.06047545769912669
0.0010000000000000152	0.9330349700938007	0.06696502990619853
0.0011000000000000068	0.9265902232697116	0.07340977673028708
0.0011999999999999984	0.9201899922065088	0.07981000779349008
0.00129999999999999	0.9138339694207442	0.08616603057925427
0.0013999999999999816	0.907521849552851	0.09247815044714787
0.0014999999999999731	0.901253329352468	0.09874667064753086
0.0015999999999999647	0.8950281076638748	0.10497189233612383
0.0016999999999999563	0.8888458854115227	0.11115411458847614
0.001799999999999948	0.882706365585664	0.11729363441433459
0.0018999999999999395	0.876609253228086	0.12339074677191222
0.001999999999999941	0.8705542554179396	0.12944574458205893
0.0020999999999999543	0.8645410812576639	0.13545891874233454
0.0021999999999999676	0.8585694418590143	0.14143055814098354
0.002299999999999981	0.8526390503291829	0.14736094967081434
0.002399999999999994	0.8467496217570136	0.15325037824298288
0.0025000000000000074	0.8409008731993166	0.15909912680067964
0.0026000000000000207	0.8350925236672728	0.1649074763327232
0.002700000000000034	0.8293242941129364	0.17067570588705988
0.0028000000000000472	0.8235959074158262	0.17640409258417
0.0029000000000000605	0.817907088369615	0.18209291163038094
0.003000000000000074	0.8122575636689064	0.18774243633108925
0.003100000000000087	0.8066470618961051	0.19335293810389076
0.0032000000000001003	0.8010753135083752	0.19892468649162015
0.0033000000000001136	0.7955420508246944	0.20445794917530052
0.003400000000000127	0.7900470080129914	0.20995299198700354
0.00350000000000014	0.7845899210773752	0.2154100789226203
0.0036000000000001534	0.779170527845451	0.22082947215454485
0.0037000000000001667	0.7737885679557267	0.22621143204426974
0.00380000000000018	0.7684437828451031	0.23155621715489363
0.0039000000000001932	0.7631359157364523	0.2368640842635441
0.0040000000000002065	0.7578647116262824	0.24213528837371384
0.00410000000000022	0.7526299172724848	0.24737008272751101
0.004200000000000233	0.7474312811821691	0.2525687188178263
0.004300000000000246	0.74226855359958	0.25773144640041534
0.00440000000000026	0.7371414864940989	0.2628585135058967
0.004500000000000273	0.7320498335483265	0.26795016645166914
0.004600000000000286	0.7269933501462512	0.27300664985374434
0.004700000000000299	0.721971793361496	0.27802820663849986
0.004800000000000313	0.7169849219456476	0.28301507805434833
0.004900000000000326	0.7120324963166659	0.2879675036833298
0.005000000000000339	0.707114278547376	0.29288572145262015
0.0051000000000003525	0.7022300323540334	0.29776996764596225
0.005200000000000366	0.6973795230849775	0.30262047691501837
0.005300000000000379	0.692562517709354	0.30743748229064166
0.005400000000000392	0.6877787848059221	0.3122212151940734
0.005500000000000406	0.6830280945519359	0.31697190544806025
0.005600000000000419	0.6783102187121007	0.3216897812878956
0.005700000000000432	0.6736249306276122	0.32637506937238425
0.005800000000000445	0.6689720052052638	0.3310279947947325
0.005900000000000459	0.6643512189066348	0.33564878109336127
0.006000000000000472	0.6597623497373499	0.34023765026264613
0.006100000000000485	0.6552051772364142	0.34479482276358214
0.0062000000000004985	0.6506794824656212	0.3493205175343755
0.006300000000000512	0.6461850479990348	0.3538149520009619
0.006400000000000525	0.6417216579125447	0.358278342087452
0.006500000000000538	0.6372890977734913	0.3627109022265057
0.006600000000000552	0.6328871546303642	0.3671128453696327
0.006700000000000565	0.628515617002573	0.37148438299742437
0.006800000000000578	0.6241742748702839	0.3758257251297135
0.006900000000000591	0.6198629196643336	0.38013708033566423
0.007000000000000605	0.6155813442562056	0.3844186557437922
0.007100000000000618	0.6113293429480832	0.3886706570519153
0.007200000000000631	0.6071067114629622	0.3928932885370364
0.0073000000000006445	0.6029132469348419	0.39708675306515595
0.007400000000000658	0.5987487478989767	0.4012512521010214
0.007500000000000671	0.5946130142821963	0.405386985717802
0.007600000000000684	0.5905058473932949	0.40949415260670424
0.007700000000000698	0.5864270499134847	0.41357295008651473
0.007800000000000711	0.5823764258869174	0.4176235741130822
0.007900000000000648	0.5783537807112694	0.42164621928873036
0.008000000000000574	0.5743589211283924	0.42564107887160724
0.008100000000000501	0.5703916552150289	0.42960834478497034
0.008200000000000427	0.5664517923735926	0.4335482076264072
0.008300000000000354	0.5625391433230089	0.4374608566769913
0.00840000000000028	0.5586535200896248	0.44134647991037546
0.008500000000000207	0.5547947359981759	0.44520526400182453
0.008600000000000134	0.5509626056628186	0.4490373943371817
0.00870000000000006	0.5471569449782252	0.4528430550217756
0.008799999999999987	0.5433775711107356	0.45662242888926496
0.008899999999999913	0.5396243024895774	0.4603756975104238
0.00899999999999984	0.5358969587981389	0.4641030412018624
0.009099999999999766	0.53219536096531	0.46780463903469144
0.009199999999999693	0.5285193311568761	0.4714806688431249
0.00929999999999962	0.524868692766977	0.47513130723302394
0.009399999999999546	0.5212432704096205	0.4787567295903802
0.009499999999999472	0.5176428899102573	0.48235711008974363
0.009599999999999399	0.5140673782974121	0.48593262170258905
0.009699999999999325	0.5105165637943749	0.48948343620562595
0.009799999999999252	0.5069902758109486	0.4930097241890526
0.009899999999999179	0.5034883449352521	0.49651165506474937
0.009999999999999105	0.5000106029255812	0.49998939707442
0.010099999999999032	0.496556882702328	0.5034431172976733
0.010199999999998958	0.4931270183399521	0.5068729816600489
0.010299999999998885	0.4897208450590093	0.5102791549409916
0.010399999999998811	0.48633819921823584	0.5136618007817653
0.010499999999998738	0.48297891830668577	0.5170210816933152
0.010599999999998664	0.4796428409359248	0.5203571590640766
0.01069999999999859	0.476329806832275	0.5236701931677267
0.010799999999998517	0.4730396568291167	0.5269603431708849
0.010899999999998444	0.4697722328592404	0.5302277671407618
0.01099999999999837	0.46652737794725335	0.5334726220527488
0.011099999999998297	0.463304936202038	0.5366950637979642
0.011199999999998224	0.4601047528092629	0.5398952471907394
0.01129999999999815	0.4569266740239443	0.5430733259760584
0.011399999999998077	0.4537705471630602	0.5462294528369422
0.011499999999998003	0.4506362205982155	0.549363779401787
0.01159999999999793	0.44752354374835673	0.5524764562516459
0.011699999999997856	0.44443236707253825	0.5555676329274645
0.011799999999997783	0.4413625420627372	0.5586374579372654
0.01189999999999771	0.43831392123672	0.5616860787632834
0.011999999999997636	0.43528635813095545	0.5647136418690473
0.012099999999997562	0.43227970729357945	0.567720292706423
0.012199999999997489	0.429293824277407	0.5707061757225962
0.012299999999997415	0.4263285656329913	0.5736714343670114
0.012399999999997342	0.42338378890173406	0.5766162110982688
0.012499999999997269	0.4204593526090399	0.5795406473909627
0.012599999999997195	0.41755511625752023	0.5824448837424822
0.012699999999997122	0.41467094032024315	0.585329059679759
0.012799999999997048	0.41180668623403	0.5881933137659722
0.012899999999996975	0.4089622163927996	0.5910377836072026
0.012999999999996901	0.40613739414095534	0.5938626058590466
0.013099999999996828	0.4033320837668219	0.5966679162331806
0.013199999999996754	0.40054615049612363	0.599453849503879
0.01329999999999668	0.39777946048551127	0.6022205395144918
0.013399999999996607	0.39503188081612983	0.6049681191838733
0.013499999999996534	0.39230327948723465	0.6076967205127688
0.01359999999999646	0.38959352540984926	0.6104064745901541
0.013699999999996387	0.38690248840046665	0.6130975115995367
0.013799999999996313	0.384230039174796	0.6157699608252073
0.01389999999999624	0.38157604934155037	0.6184239506584521
0.013999999999996167	0.37894039139628066	0.6210596086037219
0.014099999999996093	0.3763229387152469	0.6236770612847554
0.01419999999999602	0.3737235655493376	0.6262764344506644
0.014299999999995946	0.3711421470180269	0.6288578529819756
0.014399999999995873	0.3685785591033754	0.631421440896628
0.0144999999999958	0.3660326786440718	0.6339673213559316
0.014599999999995726	0.3635043833295169	0.636495616670486
0.014699999999995652	0.3609935516939462	0.6390064483060565
0.014799999999995579	0.35850006311059485	0.6414999368894073
0.014899999999995505	0.3560237977859036	0.6439762022140986
0.014999999999995432	0.3535646367537614	0.6464353632462406
0.015099999999995358	0.3511224618697917	0.6488775381302109
0.015199999999995285	0.3486971558056747	0.651302844194327
0.015299999999995212	0.3462886020435134	0.6537113979564884
0.015399999999995138	0.34389668487023367	0.6561033151297685
0.015499999999995065	0.341521289372025	0.658478710627977
0.015599999999994991	0.3391623014288211	0.6608376985711812
0.015699999999995048	0.33681960770881597	0.6631803922911861
0.015799999999995148	0.3344930956630202	0.6655069043369825
0.015899999999995248	0.3321826535198526	0.6678173464801506
0.015999999999995348	0.32988817027977163	0.6701118297202308
0.016099999999995448	0.3276095357099429	0.6723904642900591
0.016199999999995548	0.32534664033894134	0.6746533596610604
0.016299999999995648	0.32309937545149425	0.6769006245485082
0.016399999999995748	0.32086763308325633	0.6791323669167462
0.016499999999995848	0.31865130601562447	0.6813486939843781
0.016599999999995948	0.31645028777058554	0.6835497122294171
0.016699999999996048	0.3142644726056015	0.6857355273944009
0.016799999999996148	0.31209375550852936	0.6879062444914731
0.016899999999996248	0.3099380321925755	0.6900619678074268
0.016999999999996348	0.30779719909128617	0.6922028009087162
0.017099999999996448	0.3056711533535712	0.6943288466464315
0.017199999999996548	0.3035597928387632	0.6964402071612392
0.017299999999996648	0.3014630161117109	0.6985369838882911
0.017399999999996748	0.29938072243790476	0.7006192775620972
0.017499999999996848	0.29731281177863855	0.7026871882213636
0.017599999999996948	0.2952591847862026	0.7047408152137995
0.017699999999997048	0.29321974279911145	0.706780257200891
0.017799999999997148	0.2911943878373626	0.70880561216264
0.017899999999997248	0.2891830225977314	0.7108169774022716
0.017999999999997348	0.2871855504490942	0.7128144495509091
0.018099999999997448	0.28520187542778724	0.7147981245722165
0.018199999999997548	0.2832319022329964	0.7167680977670071
0.018299999999997648	0.281275536222178	0.7187244637778256
0.018399999999997748	0.2793326834065118	0.7206673165934909
0.018499999999997848	0.27740325044638675	0.7225967495536163
0.018599999999997948	0.27548714464691565	0.7245128553530874
0.018699999999998048	0.27358427395348167	0.7264157260465215
0.018799999999998148	0.27169454694731676	0.7283054530526861
0.018899999999998248	0.2698178728411095	0.7301821271588936
0.018999999999998348	0.2679541614746426	0.7320458385253603
0.019099999999998448	0.26610332331046194	0.7338966766895413
0.019199999999998548	0.2642652694295749	0.7357347305704287
0.019299999999998648	0.26243991152717777	0.7375600884728252
0.019399999999998748	0.260627161908416	0.739372838091587
0.019499999999998848	0.2588269334841677	0.7411730665158358
0.019599999999998948	0.25703913976686127	0.7429608602331418
0.019699999999999048	0.255263694866321	0.7447363051336816
0.019799999999999148	0.25350051348563846	0.7464994865143638
0.019899999999999248	0.2517495109170777	0.7482504890829254
0.019999999999999348	0.25001060303800293	0.7499893969620001
0.020099999999999448	0.24828370630683788	0.7517162936931656
0.020199999999999548	0.24656873775905339	0.7534312622409501
0.020299999999999648	0.24486561500318021	0.7551343849968235
0.020399999999999748	0.24317425621685132	0.7568257437831519
0.020499999999999848	0.24149458014287079	0.7585054198571319
0.020599999999999948	0.23982650608531	0.7601734939146921
0.020700000000000048	0.23816995390563095	0.7618300460943717
0.020800000000000148	0.23652484401883603	0.7634751559811668
0.020900000000000248	0.2348910973896447	0.7651089026103581
0.021000000000000348	0.23326863552869606	0.7667313644713073
0.021100000000000448	0.23165738048877846	0.7683426195112251
0.02120000000000055	0.2300572548610845	0.7699427451389189
0.02130000000000065	0.22846818177149228	0.7715318182285114
0.02140000000000075	0.22689008487687204	0.7731099151231318
0.02150000000000085	0.22532288836141826	0.774677111638585
0.02160000000000095	0.22376651693300792	0.7762334830669949
0.02170000000000105	0.22222089581958243	0.7777791041804207
0.02180000000000115	0.22068595076555578	0.7793140492344476
0.02190000000000125	0.2191616080282473	0.7808383919717561
0.02200000000000135	0.2176477943743387	0.7823522056256645
0.02210000000000145	0.21614443707635583	0.7838555629236478
0.02220000000000155	0.21465146390917403	0.78534853609083
0.02230000000000165	0.21316880314654946	0.7868311968534547
0.02240000000000175	0.21169638355767245	0.7883036164423322
0.02250000000000185	0.210234134403745	0.7897658655962595
0.02260000000000195	0.20878198543458332	0.7912180145654212
0.02270000000000205	0.20733986688524197	0.7926601331147629
0.02280000000000215	0.20590770947266274	0.7940922905273421
0.02290000000000225	0.2044854443923456	0.7955145556076592
0.02300000000000235	0.2030730033150434	0.7969269966849616
0.02310000000000245	0.20167031838347949	0.7983296816165253
0.02320000000000255	0.20027732220908723	0.7997226777909179
0.02330000000000265	0.19889394786877262	0.8011060521312323
0.02340000000000275	0.19752012890169915	0.8024798710983054
0.02350000000000285	0.19615579930609486	0.8038442006939095
0.02360000000000295	0.19480089353608132	0.805199106463923
0.02370000000000305	0.19345534649852492	0.8065446535014796
0.02380000000000315	0.1921190935499092	0.8078809064500956
0.02390000000000325	0.19079207049322996	0.8092079295067746
0.02400000000000335	0.18947421357491012	0.810525786425095
0.02410000000000345	0.18816545948173727	0.8118345405182673
0.02420000000000355	0.18686574533782244	0.8131342546621824
0.02430000000000365	0.18557500870157861	0.814424991298426
0.02440000000000375	0.18429318756272098	0.8157068124372832
0.02450000000000385	0.18302022033928822	0.8169797796607157
0.02460000000000395	0.18175604587468355	0.8182439541253201
0.02470000000000405	0.18050060343473723	0.8194993965652666
0.02480000000000415	0.17925383270478787	0.8207461672952165
0.02490000000000425	0.17801567378678526	0.8219843262132193
0.02500000000000435	0.17678606719641274	0.823213932803592
0.02510000000000445	0.17556495386022924	0.824435046139775
0.02520000000000455	0.17435227511283108	0.8256477248871729
0.02530000000000465	0.17314797269403417	0.8268520273059702
0.02540000000000475	0.1719519887460745	0.8280480112539298
0.02550000000000485	0.17076426581082849	0.8292357341891756
0.02560000000000495	0.16958474682705277	0.8304152531729515
0.02570000000000505	0.16841337512764287	0.8315866248723617
0.02580000000000515	0.16725009443691072	0.8327499055630937
0.02590000000000525	0.16609484886788084	0.8339051511321234
0.02600000000000535	0.16494758291960546	0.8350524170803987
0.02610000000000545	0.1638082414744982	0.8361917585255059
0.02620000000000555	0.1626767697956862	0.8373232302043174
0.02630000000000565	0.16155311352438004	0.8384468864756235
0.02640000000000575	0.16043721867726274	0.83956278132274
0.02650000000000585	0.15932903164389572	0.8406709683561074
0.02660000000000595	0.15822849918414356	0.8417715008158598
0.02670000000000605	0.15713556842561613	0.8428644315743881
0.02680000000000615	0.15605018686112823	0.8439498131388765
0.02690000000000625	0.1549723023461774	0.845027697653827
0.02700000000000635	0.1539018630964387	0.8460981369035656
0.02710000000000645	0.15283881768527652	0.8471611823147278
0.02720000000000655	0.15178311504127429	0.8482168849587297
0.02730000000000665	0.15073470444578044	0.8492652955542235
0.02740000000000675	0.14969353553047243	0.8503064644695313
0.02750000000000685	0.14865955827493663	0.8513404417250671
0.02760000000000695	0.1476327230042645	0.8523672769957387
0.02770000000000705	0.14661298038666729	0.853387019613336
0.02780000000000715	0.14560028143110482	0.8543997185688978
0.02790000000000725	0.14459457748493298	0.8554054225150697
0.02800000000000735	0.14359582023156578	0.8564041797684372
0.02810000000000745	0.1426039616881538	0.8573960383118493
0.02820000000000755	0.14161895420327925	0.858381045796724
0.02830000000000765	0.14064075045466667	0.8593592495453363
0.02840000000000775	0.1396693034469098	0.8603306965530927
0.02850000000000785	0.13870456650921317	0.8612954334907891
0.02860000000000795	0.13774649329315047	0.8622535067068517
0.02870000000000805	0.13679503777043717	0.8632049622295654
0.02880000000000815	0.13585015423072008	0.8641498457692828
0.02890000000000825	0.1349117972793804	0.8650882027206224
0.02900000000000835	0.1339799218353539	0.8660200781646484
0.02910000000000845	0.1330544831289641	0.8669455168710378
0.02920000000000855	0.13213543669977185	0.8678645633002305
0.02930000000000865	0.13122273839443957	0.8687772616055629
0.02940000000000875	0.1303163443646095	0.8696836556353932
0.02950000000000885	0.1294162110647975	0.8705837889352053
0.02960000000000895	0.12852229525030065	0.8714777047497018
0.02970000000000905	0.12763455397512022	0.872365446024882
0.02980000000000915	0.12675294458989822	0.8732470554101045
0.02990000000000925	0.1258774247398678	0.874122575260135
0.03000000000000935	0.1250079523628193	0.874992047637184
0.03010000000000945	0.12414448568707923	0.8758555143129239
0.03020000000000955	0.1232869832295031	0.8767130167704997
0.03030000000000965	0.12243540379348267	0.8775645962065203
0.03040000000000975	0.12158970646696687	0.8784102935330367
0.03050000000000985	0.12074985062049622	0.8792501493795072
0.03060000000000995	0.11991579590525075	0.8800842040947522
0.03070000000001005	0.1190875022511118	0.8809124977488906
0.03080000000001015	0.1182649298647366	0.8817350701352655
0.03090000000001025	0.11744803922764702	0.8825519607723554
0.03100000000001035	0.11663679109433023	0.883363208905672
0.03110000000001045	0.11583114649035418	0.8841688535096477
0.03120000000001055	0.11503106671049426	0.8849689332895078
0.031300000000010646	0.11423651331687451	0.8857634866831273
0.031400000000010746	0.1134474481371205	0.8865525518628813
0.031500000000010846	0.1126638332625256	0.8873361667374762
0.031600000000010946	0.11188563104622999	0.8881143689537718
0.031700000000011046	0.11111280410141162	0.8888871958985903
0.031800000000011146	0.11034531529949017	0.8896546847005119
0.031900000000011246	0.10958312776834335	0.8904168722316588
0.032000000000011346	0.1088262048905356	0.8911737951094667
0.032100000000011446	0.10807451030155858	0.8919254896984433
0.032200000000011546	0.1073280078880843	0.8926719921119176
0.032300000000011646	0.10658666178623033	0.8934133382137717
0.032400000000011746	0.10585043637983643	0.8941495636201654
0.032500000000011846	0.10511929629875373	0.8948807037012481
0.032600000000011946	0.10439320641714545	0.8956067935828561
0.032700000000012046	0.10367213185179906	0.8963278681482022
0.032800000000012146	0.10295603796045087	0.8970439620395506
0.032900000000012246	0.10224489034012134	0.8977551096598797
0.033000000000012346	0.10153865482546257	0.8984613451745384
0.033100000000012446	0.10083729748711667	0.8991627025128844
0.033200000000012546	0.10014078463008577	0.8998592153699156
0.033300000000012646	0.09944908279211329	0.9005509172078883
0.033400000000012746	0.09876215874207626	0.901237841257925
0.033500000000012846	0.09807997947838897	0.9019200205216122
0.033600000000012946	0.09740251222741712	0.9025974877725841
0.033700000000013046	0.09672972444190388	0.9032702755580977
0.033800000000013146	0.09606158379940559	0.9039384162005968
0.033900000000013246	0.09539805820073925	0.9046019417992628
0.034000000000013346	0.09473911576844046	0.9052608842315617
0.034100000000013446	0.09408472484523182	0.90591527515477
0.034200000000013546	0.09343485399250206	0.9065651460075
0.034300000000013646	0.09278947198879557	0.9072105280112066
0.034400000000013746	0.0921485478283126	0.9078514521716899
0.034500000000013846	0.09151205071941942	0.9084879492805836
0.034600000000013946	0.0908799500831694	0.9091200499168341
0.034700000000014046	0.09025221555183352	0.9097477844481702
0.034800000000014146	0.0896288169674416	0.9103711830325615
0.034900000000014246	0.08900972438033342	0.9109902756196694
0.035000000000014346	0.08839490804771998	0.9116050919522832
0.035100000000014446	0.08778433843225433	0.9122156615677487
0.035200000000014546	0.08717798620061276	0.9128220137993903
0.035300000000014646	0.08657582222208535	0.9134241777779172
0.035400000000014746	0.08597781756717669	0.9140221824328265
0.035500000000014846	0.08538394350621575	0.9146160564937869
0.035600000000014946	0.08479417150797593	0.9152058284920267
0.035700000000015046	0.08420847323830409	0.915791526761698
0.035800000000015146	0.08362682055875947	0.9163731794412429
0.035900000000015246	0.08304918552526161	0.9169508144747408
0.036000000000015346	0.08247554038674848	0.9175244596132542
0.036100000000015446	0.08190585758384239	0.9180941424161607
0.036200000000015546	0.08134010974752641	0.9186598902524767
0.036300000000015646	0.08077826969782959	0.9192217303021737
0.036400000000015746	0.08022031044252094	0.9197796895574821
0.036500000000015846	0.07966620517581285	0.92033379482419
0.036600000000015946	0.07911592727707296	0.9208840727229294
0.036700000000016046	0.07856945030954575	0.9214305496904566
0.036800000000016146	0.07802674801908188	0.9219732519809204
0.036900000000016246	0.07748779433287717	0.9225122056671254
0.037000000000016346	0.07695256335822008	0.9230474366417822
0.037100000000016446	0.07642102938124756	0.9235789706187548
0.037200000000016546	0.07589316686570981	0.9241068331342926
0.037300000000016646	0.0753689504517434	0.9246310495482595
0.037400000000016746	0.07484835495465292	0.92515164504535
0.037500000000016846	0.07433135536370104	0.9256686446363018
0.037600000000016946	0.07381792684090703	0.9261820731590957
0.037700000000017046	0.07330804471985335	0.9266919552801498
0.037800000000017146	0.07280168450450052	0.9271983154955018
0.037900000000017246	0.07229882186801054	0.9277011781319918
0.038000000000017346	0.07179943265157816	0.9282005673484243
0.038100000000017446	0.07130349286326981	0.9286965071367327
0.038200000000017546	0.07081097867687143	0.9291890213231312
0.038300000000017646	0.07032186643074365	0.9296781335692593
0.038400000000017746	0.0698361326266849	0.9301638673733185
0.038500000000017846	0.06935375392880257	0.9306462460712003
0.038600000000017946	0.06887470716239212	0.9311252928376106
0.038700000000018046	0.06839896931282341	0.9316010306871797
0.038800000000018146	0.06792651752443504	0.9320734824755684
0.038900000000018246	0.06745732909943639	0.9325426709005665
0.039000000000018346	0.06699138149681715	0.9330086185031851
0.039100000000018446	0.06652865233126455	0.9334713476687381
0.039200000000018546	0.06606911937208759	0.933930880627915
0.039300000000018646	0.06561276054214925	0.9343872394578536
0.039400000000018746	0.06515955391680572	0.9348404460831976
0.039500000000018846	0.06470947772285326	0.9352905222771504
0.039600000000018946	0.06426251033748198	0.9357374896625217
0.039700000000019046	0.06381863028723712	0.9361813697127664
0.039800000000019146	0.06337781624698739	0.9366221837530162
0.039900000000019246	0.06294004703890042	0.9370599529611033
0.040000000000019346	0.06250530163142534	0.9374946983685785
0.040100000000019446	0.06207355913828243	0.9379264408617216
0.040200000000019546	0.061644798817459594	0.9383552011825443
0.040300000000019646	0.061219000070216016	0.938780999929788
0.040400000000019747	0.06079614244009234	0.939203857559912
0.040500000000019847	0.06037620561192802	0.9396237943880763
0.040600000000019947	0.059959169410885235	0.9400408305891197
0.04070000000002005	0.0595450138014798	0.9404549861985257
0.04080000000002015	0.059133718886618454	0.940866281113387
0.04090000000002025	0.058725264906643	0.941274735093362
0.04100000000002035	0.05831963223838112	0.9416803677616238
0.04110000000002045	0.05791680139420329	0.9420831986058018
0.04120000000002055	0.05751675302108695	0.9424832469789184
0.04130000000002065	0.057119467899686534	0.942880532100319
0.04140000000002075	0.0567249269434101	0.9432750730565945
0.04150000000002085	0.05633311119750245	0.943666888802502
0.04160000000002095	0.055944001838134444	0.9440559981618696
0.04170000000002105	0.05555758017149865	0.9444424198285047
0.04180000000002115	0.055173827632911246	0.944826172367092
0.04190000000002125	0.054792725785920204	0.9452072742140826
0.04200000000002135	0.05441425632141935	0.9455857436785825
0.04210000000002145	0.05403840105676901	0.9459615989432327
0.04220000000002155	0.05366514193492235	0.946334858065079
0.04230000000002165	0.05329446102355782	0.9467055389764444
0.04240000000002175	0.05292634051421767	0.9470736594857849
0.04250000000002185	0.05256076272145245	0.94743923727855
0.04260000000002195	0.05219771008197132	0.9478022899180312
0.04270000000002205	0.051837165153798194	0.9481628348462039
0.04280000000002215	0.05147911061543387	0.9485208893845684
0.04290000000002225	0.05112352926502388	0.9488764707349786
0.04300000000002235	0.0507704040195319	0.9492295959804704
0.04310000000002245	0.050419717913919256	0.9495802820860834
0.04320000000002255	0.0500714541003298	0.9499285458996727
0.04330000000002265	0.04972559584728046	0.9502744041527218
0.04340000000002275	0.0493821265388574	0.950617873461145
0.04350000000002285	0.049041029673917776	0.9509589703260842
0.04360000000002295	0.04870228886529701	0.9512977111347051
0.04370000000002305	0.04836588783902151	0.9516341121609804
0.04380000000002315	0.04803181043352679	0.9519681895664754
0.04390000000002325	0.047700040598881055	0.9522999594011209
0.04400000000002335	0.047370562396014095	0.9526294376039884
0.04410000000002345	0.047043359995951495	0.9529566400040509
0.04420000000002355	0.04671841767905433	0.9532815823209482
0.04430000000002365	0.04639571983426372	0.9536042801657387
0.04440000000002375	0.04607525095835107	0.9539247490416514
0.04450000000002385	0.045756995655173056	0.9542430043448294
0.04460000000002395	0.04544093863493205	0.9545590613650711
0.04470000000002405	0.045127064713441585	0.9548729352865621
0.04480000000002415	0.044815358811396866	0.9551846411886069
0.04490000000002425	0.044505805953650224	0.9554941940463535
0.04500000000002435	0.04419839126849167	0.955801608731512
0.04510000000002445	0.04389309998693467	0.9561069000130688
0.04520000000002455	0.043589917442006285	0.9564100825579971
0.04530000000002465	0.04328882906804271	0.9567111709319606
0.04540000000002475	0.04298982039998954	0.9570101796000134
0.04550000000002485	0.042692877072706616	0.9573071229272967
0.04560000000002495	0.04239798482027813	0.9576020151797251
0.04570000000002505	0.04210512947532704	0.9578948705246761
0.04580000000002515	0.041814296968334656	0.958185703031669
0.04590000000002525	0.041525473326964504	0.9584745266730388
0.04600000000002535	0.0412386446753912	0.9587613553246119
0.04610000000002545	0.04095379723363376	0.9590462027663696
0.04620000000002555	0.04067091731689354	0.9593290826831095
0.04630000000002565	0.040389991334896895	0.9596100086651062
0.04640000000002575	0.040111005791242105	0.9598889942087612
0.04650000000002585	0.0398339472827511	0.9601660527172519
0.04660000000002595	0.03955880249882555	0.9604411975011768
0.04670000000002605	0.039285558220807364	0.9607144417791947
0.04680000000002615	0.03901420132134343	0.9609857986786592
0.04690000000002625	0.03874471876375529	0.9612552812362477
0.04700000000002635	0.03847709760141255	0.9615229023985904
0.04710000000002645	0.03821132497711114	0.961788675022892
0.04720000000002655	0.037947388122455274	0.9620526118775482
0.04730000000002665	0.037685274357244475	0.9623147256427591
0.04740000000002675	0.037424971088863945	0.9625750289111394
0.04750000000002685	0.0371664658116798	0.9628335341883227
0.04760000000002695	0.03690974610643841	0.9630902538935643
0.04770000000002705	0.036654799639669375	0.9633452003603337
0.04780000000002715	0.03640161416309327	0.9635983858369095
0.04790000000002725	0.0361501775130332	0.9638498224869694
0.04800000000002735	0.0359004776098303	0.9640995223901724
0.04810000000002745	0.035652502457263445	0.9643474975427392
0.04820000000002755	0.03540624014197298	0.9645937598580298
0.04830000000002765	0.0351616788328883	0.9648383211671144
0.04840000000002775	0.03491880678065954	0.9650811932193438
0.04850000000002785	0.03467761231709295	0.9653223876829097
0.04860000000002795	0.03443808385459055	0.965561916145412
0.04870000000002805	0.03420020988559316	0.965799790114409
0.04880000000002815	0.03396397898202779	0.9660360210179743
0.04890000000002825	0.03372937979475847	0.9662706202052437
0.04900000000002835	0.03349640105304111	0.9665035989469609
0.04910000000002845	0.03326503156398191	0.9667349684360204
0.04920000000002855	0.03303526021199967	0.9669647397880027
0.04930000000002865	0.03280707595829181	0.9671929240417104
0.04940000000002875	0.03258046784030393	0.9674195321596977
0.04950000000002885	0.03235542497120333	0.9676445750287986
0.04960000000002895	0.03213193653935578	0.9678680634606462
0.04970000000002905	0.0319099918078062	0.9680900081921959
0.04980000000002915	0.031689580113762876	0.968310419886239
0.04990000000002925	0.03147069086808505	0.9685293091319168
0.05000000000002935	0.03125331355477434	0.9687466864452274
0.05010000000002945	0.03103743773046936	0.9689625622695327
0.05020000000002955	0.030823053023944193	0.9691769469760576
0.05030000000002965	0.030610149135609964	0.9693898508643921
0.05040000000002975	0.030398715837020123	0.969601284162982
0.05050000000002985	0.03018874297037902	0.9698112570296231
0.05060000000002995	0.02998022044805382	0.9700197795519488
0.05070000000003005	0.029773138252089996	0.9702268617479134
0.05080000000003015	0.02956748643372994	0.9704325135662735
0.05090000000003025	0.02936325511293507	0.9706367448870682
0.05100000000003035	0.0291604344779111	0.9708395655220917
0.05110000000003045	0.028959014784636708	0.971040985215366
0.05120000000003055	0.028758986356395407	0.9712410136436077
0.05130000000003065	0.028560339583310633	0.9714396604166926
0.05140000000003075	0.02836306492188405	0.9716369350781188
0.05150000000003085	0.02816715289453704	0.971832847105466
0.05160000000003095	0.027972594089155478	0.9720274059108477
0.05170000000003105	0.02777937915863741	0.9722206208413656
0.05180000000003115	0.027587498820444086	0.9724125011795582
0.05190000000003125	0.02739694385615403	0.972603056143848
0.05200000000003135	0.02720770511102004	0.9727922948889821
0.05210000000003145	0.02701977349352949	0.9729802265064729
0.05220000000003155	0.026833139974967463	0.9731668600250344
0.05230000000003165	0.02664779558898307	0.9733522044110184
0.05240000000003175	0.026463731431158648	0.9735362685688423
0.05250000000003185	0.02628093865858192	0.9737190613414192
0.05260000000003195	0.02609940848942124	0.9739005915105796
0.05270000000003205	0.02591913220250364	0.9740808677974971
0.05280000000003215	0.025740101136895857	0.9742598988631044
0.05290000000003225	0.025562306691488273	0.9744376933085118
0.05300000000003235	0.025385740324581598	0.9746142596754184
0.05310000000003245	0.025210393553476623	0.9747896064465236
0.05320000000003255	0.025036257954066627	0.9749637420459341
0.05330000000003265	0.024863325160432635	0.975136674839568
0.05340000000003275	0.024691586864441572	0.9753084131355593
0.05350000000003285	0.024521034815347082	0.975478965184654
0.05360000000003295	0.024351660819393106	0.9756483391806078
0.05370000000003305	0.024183456739420316	0.9758165432605808
0.05380000000003315	0.024016414494475093	0.975983585505526
0.05390000000003325	0.023850526059421364	0.9761494739405796
0.05400000000003335	0.023685783464555014	0.9763142165354459
0.05410000000003345	0.02352217879522103	0.9764778212047798
0.05420000000003355	0.023359704191433243	0.9766402958085667
0.05430000000003365	0.023198351847496707	0.9768016481525036
0.05440000000003375	0.023038114011632714	0.9769618859883672
0.05450000000003385	0.0228789829856064	0.9771210170143938
0.05460000000003395	0.02272095112435684	0.9772790488756432
0.05470000000003405	0.022564010835629773	0.977435989164371
0.05480000000003415	0.022408154579612923	0.9775918454203876
0.05490000000003425	0.022253374868573653	0.9777466251314267
0.05500000000003435	0.02209966426649936	0.9779003357335011
0.05510000000003445	0.021947015388740113	0.9780529846112606
0.05520000000003455	0.021795420901653966	0.9782045790983468
0.05530000000003465	0.021644873522254596	0.9783551264777459
0.05540000000003475	0.02149536601786135	0.9785046339821392
0.05550000000003485	0.021346891205751884	0.978653108794249
0.05560000000003495	0.021199441952817005	0.978800558047184
0.05570000000003505	0.02105301117521804	0.9789469888247836
0.05580000000003515	0.02090759183804644	0.9790924081619554
0.05590000000003525	0.020763176954985803	0.9792368230450165
0.05600000000003535	0.020619759587976308	0.9793802404120263
0.05610000000003545	0.020477332846881344	0.9795226671531219
0.05620000000003555	0.02033588988915654	0.9796641101108474
0.05630000000003565	0.02019542391952094	0.979804576080483
0.05640000000003575	0.020055928189630593	0.9799440718103726
0.05650000000003585	0.019917395997754366	0.9800826040022491
0.05660000000003595	0.01977982068845192	0.9802201793115517
0.05670000000003605	0.01964319565225405	0.9803568043477491
0.05680000000003615	0.019507514325345057	0.9804924856746577
0.05690000000003625	0.01937277018924747	0.9806272298107558
0.05700000000003635	0.019238956770508835	0.980761043229495
0.05710000000003645	0.019106067640390773	0.9808939323596133
0.05720000000003655	0.018974096414560018	0.9810259035854443
0.05730000000003665	0.018843036752781858	0.9811569632472226
0.05740000000003675	0.018712882358615415	0.9812871176413887
0.05750000000003685	0.018583626979111142	0.981416373020893
0.05760000000003695	0.018455264404510497	0.981544735595494
0.05770000000003705	0.01832778846794753	0.9816722115320569
0.05780000000003715	0.018201193045152712	0.9817988069548516
0.05790000000003725	0.018075472054158586	0.9819245279458454
0.05800000000003735	0.01795061945500766	0.9820493805449964
0.05810000000003745	0.017826629249462145	0.9821733707505421
0.05820000000003755	0.017703495480715915	0.9822965045192881
0.05830000000003765	0.017581212233108223	0.9824187877668958
0.05840000000003775	0.017459773631839537	0.9825402263681643
0.05850000000003785	0.01733917384268931	0.9826608261573145
0.05860000000003795	0.017219407071735648	0.982780592928268
0.05870000000003805	0.017100467565076955	0.9828995324349269
0.05880000000003815	0.016982349608555578	0.9830176503914478
0.05890000000003825	0.016865047527483225	0.9831349524725203
0.05900000000003835	0.016748555686368287	0.9832514443136352
0.05910000000003845	0.016632868488645206	0.9833671315113585
0.05920000000003855	0.01651798037640553	0.9834820196235982
0.05930000000003865	0.016403885830130912	0.9835961141698727
0.05940000000003875	0.016290579368427965	0.9837094206315758
0.05950000000003885	0.01617805554776484	0.9838219444522387
0.05960000000003895	0.016066308962209844	0.9839336910377937
0.05970000000003905	0.0159553342431716	0.984044665756832
0.05980000000003915	0.01584512605914113	0.9841548739408624
0.05990000000003925	0.015735679115435813	0.9842643208845673
0.06000000000003935	0.015626988153944973	0.9843730118460584
0.06010000000003945	0.015519047952877184	0.9844809520471263
0.06020000000003955	0.015411853326509498	0.9845881466734938
0.06030000000003965	0.015305399124938295	0.9846946008750642
0.06040000000003975	0.015199680233831846	0.9848003197661704
0.06050000000003985	0.015094691574184598	0.9849053084258172
0.06060000000003995	0.014990428102073216	0.9850095718979289
0.06070000000004005	0.01488688480841418	0.9851131151915881
0.06080000000004015	0.014784056718723236	0.9852159432812793
0.06090000000004025	0.0146819388928763	0.985318061107126
0.06100000000004035	0.01458052642487222	0.9854194735751304
0.06110000000004045	0.014479814442597012	0.9855201855574061
0.06120000000004055	0.014379798107589837	0.9856202018924134
0.06130000000004065	0.014280472614810491	0.9857195273851925
0.06140000000004075	0.014181833192408634	0.9858181668075953
0.06150000000004085	0.014083875101494489	0.9859161248985098
0.06160000000004095	0.013986593635911166	0.9860134063640927
0.06170000000004105	0.013889984122008595	0.9861100158779956
0.06180000000004115	0.013794041918418995	0.9862059580815851
0.06190000000004125	0.013698762415833853	0.9863012375841705
0.06200000000004135	0.013604141036782523	0.9863958589632215
0.06210000000004145	0.01351017323541229	0.9864898267645913
0.06220000000004155	0.013416854497269969	0.9865831455027337
0.06230000000004165	0.013324180339085044	0.9866758196609187
0.06240000000004175	0.013232146308554262	0.9867678536914491
0.06250000000004184	0.013140747984127727	0.9868592520158757
0.06260000000004194	0.013049980974796517	0.9869500190252064
0.06270000000004204	0.01295984091988166	0.9870401590801211
0.06280000000004214	0.012870323488824708	0.9871296765111782
0.06290000000004224	0.012781424380979641	0.9872185756190237
0.06300000000004234	0.012693139325406253	0.9873068606745976
0.06310000000004244	0.012605464080664996	0.9873945359193387
0.06320000000004254	0.012518394434613188	0.9874816055653906
0.06330000000004264	0.012431926204202652	0.9875680737958015
0.06340000000004274	0.012346055235278758	0.9876539447647259
0.06350000000004284	0.012260777402380824	0.9877392225976231
0.06360000000004294	0.012176088608543969	0.9878239113914602
0.06370000000004304	0.012091984785102233	0.9879080152149018
0.06380000000004314	0.012008461891493136	0.987991538108511
0.06390000000004324	0.011925515915063536	0.9880744840849408
0.06400000000004334	0.011843142870876887	0.9881568571291274
0.06410000000004344	0.011761338801521769	0.9882386611984822
0.06420000000004354	0.011680099776921738	0.9883199002230819
0.06430000000004364	0.01159942189414657	0.9884005781058568
0.06440000000004374	0.011519301277224735	0.9884806987227794
0.06450000000004384	0.011439734076957156	0.9885602659230472
0.06460000000004394	0.011360716470732292	0.9886392835292726
0.06470000000004404	0.011282244662342554	0.9887177553376626
0.06480000000004414	0.011204314881801842	0.9887956851182031
0.06490000000004424	0.01112692338516445	0.9888730766148413
0.06500000000004434	0.011050066454345217	0.9889499335456609
0.06510000000004444	0.010973740396940906	0.9890262596030657
0.06520000000004454	0.010897941546052769	0.9891020584539533
0.06530000000004464	0.010822666260110412	0.9891773337398956
0.06540000000004474	0.010747910922696847	0.9892520890773087
0.06550000000004484	0.01067367194237473	0.9893263280576303
0.06560000000004494	0.010599945752513842	0.9894000542474913
0.06570000000004504	0.01052672881111972	0.9894732711888854
0.06580000000004514	0.010454017600663492	0.9895459823993413
0.06590000000004524	0.010381808627912917	0.9896181913720918
0.06600000000004534	0.010310098423764506	0.98968990157624
0.06610000000004544	0.010238883543076904	0.989761116456928
0.06620000000004554	0.010168160564505344	0.9898318394354998
0.06630000000004564	0.010097926090337314	0.9899020739096674
0.06640000000004574	0.010028176746329297	0.9899718232536762
0.06650000000004584	0.00995890918154465	0.9900410908184606
0.06660000000004594	0.009890120068192664	0.9901098799318127
0.06670000000004604	0.009821806101468647	0.9901781938985365
0.06680000000004614	0.009753963999395135	0.9902460360006102
0.06690000000004624	0.00968659050266429	0.9903134094973406
0.06700000000004634	0.00961968237448126	0.9903803176255237
0.06710000000004644	0.009553236400408666	0.9904467635995962
0.06720000000004654	0.009487249388212216	0.9905127506117926
0.06730000000004664	0.009421718167707292	0.9905782818322981
0.06740000000004674	0.009356639590606711	0.9906433604093988
0.06750000000004684	0.009292010530369408	0.990707989469636
0.06760000000004694	0.009227827882050258	0.9907721721179545
0.06770000000004704	0.009164088562150917	0.9908359114378533
0.06780000000004714	0.009100789508471655	0.9908992104915331
0.06790000000004724	0.009037927679964279	0.9909620723200401
0.06800000000004734	0.008975500056585992	0.9910244999434186
0.06810000000004744	0.008913503639154321	0.9910864963608506
0.06820000000004754	0.00885193544920302	0.9911480645508012
0.06830000000004764	0.008790792528839	0.991209207471166
0.06840000000004774	0.008730071940600215	0.991269928059405
0.06850000000004784	0.008669770767314518	0.9913302292326903
0.06860000000004794	0.008609886111959513	0.9913901138880457
0.06870000000004804	0.008550415097523438	0.9914495849024814
0.06880000000004814	0.008491354866866849	0.9915086451331384
0.06890000000004824	0.00843270258258543	0.9915672974174198
0.06900000000004834	0.008374455426873635	0.9916255445731311
0.06910000000004844	0.008316610601389345	0.9916833893986151
0.06920000000004854	0.008259165327119403	0.9917408346728851
0.06930000000004864	0.00820211684424612	0.9917978831557575
0.06940000000004874	0.008145462412014661	0.9918545375879887
0.06950000000004884	0.008089199308601415	0.9919108006914016
0.06960000000004894	0.00803332483098319	0.9919666751690197
0.06970000000004904	0.007977836294807377	0.9920221637051955
0.06980000000004914	0.00792273103426297	0.9920772689657401
0.06990000000004924	0.007868006401952525	0.992131993598051
0.07000000000004934	0.007813659768764929	0.9921863402312383
0.07010000000004944	0.007759688523749116	0.9922403114762542
0.07020000000004954	0.007706090073988627	0.9922939099260148
0.07030000000004964	0.0076528618444770555	0.9923471381555269
0.07040000000004974	0.007600001277994297	0.9923999987220102
0.07050000000004984	0.007547505834983731	0.9924524941650209
0.07060000000004994	0.007495372993430205	0.9925046270065738
0.07070000000005004	0.00744360024873886	0.9925563997512655
0.07080000000005014	0.007392185113614801	0.9926078148863896
0.07090000000005024	0.007341125117943626	0.9926588748820603
0.07100000000005034	0.007290417808672734	0.9927095821913311
0.07110000000005044	0.007240060749693474	0.9927599392503101
0.07120000000005054	0.007190051521724124	0.9928099484782795
0.07130000000005064	0.007140387722193645	0.9928596122778099
0.07140000000005074	0.0070910669651262645	0.9929089330348768
0.07150000000005084	0.007042086881026843	0.992957913118976
0.07160000000005094	0.006993445116767041	0.9930065548832353
0.07170000000005104	0.006945139335472271	0.99305486066453
0.07180000000005114	0.006897167216409425	0.993102832783593
0.07190000000005124	0.006849526454875382	0.9931504735451268
0.07200000000005134	0.006802214762086277	0.9931977852379156
0.07210000000005144	0.006755229865067554	0.9932447701349347
0.07220000000005154	0.0067085695065447586	0.9932914304934575
0.07230000000005164	0.006662231444835095	0.9933377685551672
0.07240000000005174	0.006616213453739726	0.9933837865462624
0.07250000000005184	0.006570513322436824	0.9934294866775649
0.07260000000005194	0.0065251288553753685	0.9934748711446265
0.07270000000005204	0.006480057872169644	0.9935199421278319
0.07280000000005214	0.006435298207494511	0.9935647017925068
0.07290000000005224	0.006390847710981351	0.99360915228902
0.07300000000005234	0.006346704247114782	0.9936532957528867
0.07310000000005244	0.006302865695130056	0.9936971343048714
0.07320000000005254	0.006259329948911181	0.9937406700510902
0.07330000000005264	0.0062160949168896945	0.9937839050831121
0.07340000000005274	0.006173158521944245	0.9938268414780576
0.07350000000005284	0.006130518701300763	0.9938694812987013
0.07360000000005294	0.006088173406433357	0.9939118265935689
0.07370000000005304	0.006046120602965909	0.9939538793970357
0.07380000000005314	0.006004358270574332	0.9939956417294268
0.07390000000005324	0.005962884402889522	0.9940371155971112
0.07400000000005334	0.005921697007400942	0.9940783029925997
0.07410000000005344	0.005880794105360918	0.9941192058946402
0.07420000000005354	0.005840173731689568	0.9941598262683113
0.07430000000005364	0.005799833934880402	0.9942001660651205
0.07440000000005374	0.005759772776906547	0.9942402272230945
0.07450000000005384	0.005719988333127651	0.9942800116668734
0.07460000000005394	0.005680478692197426	0.9943195213078037
0.07470000000005404	0.005641241955971809	0.9943587580440293
0.07480000000005414	0.005602276239417783	0.994397723760584
0.07490000000005424	0.005563579670522813	0.9944364203294792
0.07500000000005434	0.005525150390204885	0.9944748496097969
0.07510000000005444	0.005486986552223224	0.9945130134477791
0.07520000000005454	0.005449086323089581	0.9945509136769132
0.07530000000005464	0.005411447881980149	0.9945885521180226
0.07540000000005474	0.005374069420648088	0.9946259305793542
0.07550000000005484	0.005336949143336648	0.9946630508566654
0.07560000000005494	0.0053000852666929	0.9946999147333097
0.07570000000005504	0.00526347601968206	0.9947365239803201
0.07580000000005514	0.005227119643502398	0.9947728803564999
0.07590000000005524	0.005191014391500742	0.9948089856085016
0.07600000000005534	0.005155158529088578	0.9948448414709138
0.07610000000005544	0.005119550333658693	0.9948804496663438
0.07620000000005554	0.005084188094502437	0.9949158119055006
0.07630000000005564	0.0050490701127275245	0.9949509298872754
0.07640000000005574	0.005014194701176417	0.9949858052988256
0.07650000000005584	0.004979560184345267	0.9950204398156569
0.07660000000005594	0.004945164898303429	0.9950548351016988
0.07670000000005604	0.004911007190613511	0.9950889928093886
0.07680000000005614	0.004877085420251998	0.9951229145797501
0.07690000000005624	0.004843397957530408	0.995156602042472
0.07700000000005634	0.004809943184016983	0.9951900568159849
0.07710000000005644	0.004776719492458968	0.9952232805075427
0.07720000000005654	0.0047437252867053616	0.9952562747132968
0.07730000000005664	0.004710958981630249	0.9952890410183719
0.07740000000005674	0.004678419003056647	0.9953215809969453
0.07750000000005684	0.0046461037876808775	0.9953538962123213
0.07760000000005694	0.004614011782997465	0.9953859882170046
0.07770000000005704	0.00458214144722453	0.9954178585527771
0.07780000000005714	0.004550491249229745	0.9954495087507718
0.07790000000005724	0.0045190596684567645	0.9954809403315447
0.07800000000005734	0.004487845194852172	0.9955121548051493
0.07810000000005744	0.00445684632879293	0.9955431536712078
0.07820000000005754	0.0044260615810143445	0.9955739384189867
0.07830000000005764	0.004395489472538503	0.9956045105274623
0.07840000000005774	0.004365128534603233	0.9956348714653984
0.07850000000005784	0.004334977308591526	0.9956650226914107
0.07860000000005794	0.0043050343459614835	0.9956949656540409
0.07870000000005804	0.0042752982081767045	0.9957247017918254
0.07880000000005814	0.004245767466637176	0.9957542325333648
0.07890000000005824	0.004216440702610659	0.9957835592973917
0.07900000000005834	0.0041873165071645065	0.9958126834928376
0.07910000000005844	0.004158393481097983	0.995841606518904
0.07920000000005854	0.004129670234875041	0.9958703297651273
0.07930000000005864	0.004101145388557575	0.9958988546114448
0.07940000000005874	0.004072817571739115	0.9959271824282633
0.07950000000005884	0.004044685423478994	0.995955314576524
0.07960000000005894	0.0040167475922369515	0.9959832524077664
0.07970000000005904	0.003989002735808221	0.9960109972641952
0.07980000000005914	0.003961449521259047	0.9960385504787442
0.07990000000005924	0.003934086624862617	0.9960659133751403
0.08000000000005934	0.003906912732035511	0.9960930872679673
0.08010000000005944	0.0038799265372745084	0.9961200734627282
0.08020000000005954	0.0038531267440938925	0.9961468732559087
0.08030000000005964	0.0038265120649631466	0.99617348793504
0.08040000000005974	0.0038000812212451137	0.9961999187787575
0.08050000000005984	0.003773832943134556	0.9962261670568678
0.08060000000005994	0.0037477659695971505	0.9962522340304054
0.08070000000006004	0.003721879048308916	0.9962781209516938
0.08080000000006014	0.0036961709355960346	0.9963038290644068
0.08090000000006024	0.003670640396375114	0.9963293596036283
0.08100000000006034	0.003645286204093841	0.9963547137959098
0.08110000000006044	0.003620107140672062	0.9963798928593315
0.08120000000006054	0.0035951019964432654	0.9964048980035607
0.08130000000006064	0.0035702695700964536	0.9964297304299076
0.08140000000006074	0.0035456086686184458	0.9964543913313859
0.08150000000006084	0.0035211181072365466	0.9964788818927673
0.08160000000006094	0.0034967967093616375	0.9965032032906417
0.08170000000006104	0.0034726433065316482	0.9965273566934715
0.08180000000006114	0.003448656738355419	0.9965513432616474
0.08190000000006124	0.0034248358524569503	0.9965751641475461
0.08200000000006134	0.003401179504420042	0.996598820495583
0.08210000000006144	0.003377686557733313	0.9966223134422693
0.08220000000006154	0.0033543558837356075	0.9966456441162674
0.08230000000006164	0.0033311863615617544	0.9966688136384413
0.08240000000006174	0.0033081768780887353	0.9966918231219141
0.08250000000006184	0.0032853263278821952	0.9967146736721205
0.08260000000006194	0.0032626336131433412	0.9967373663868592
0.08270000000006204	0.0032400976436561986	0.9967599023563459
0.08280000000006214	0.003217717336735236	0.9967822826632672
0.08290000000006224	0.0031954916171733467	0.9968045083828286
0.08300000000006234	0.0031734194171902015	0.9968265805828117
0.08310000000006244	0.0031514996763809364	0.9968485003236207
0.08320000000006254	0.0031297313416652184	0.9968702686583366
0.08330000000006264	0.0031081133672366504	0.9968918866327655
0.08340000000006274	0.003086644714512526	0.9969133552854894
0.08350000000006284	0.0030653243520839383	0.9969346756479174
0.08360000000006294	0.003044151255666224	0.9969558487443356
0.08370000000006304	0.0030231244080497544	0.9969768755919525
0.08380000000006314	0.003002242799051065	0.9969977572009511
0.08390000000006324	0.0029815054254643254	0.9970184945745378
0.08400000000006334	0.002960911291013146	0.9970390887089892
0.08410000000006344	0.0029404594063027092	0.9970595405936996
0.08420000000006354	0.0029201487887722368	0.9970798512112299
0.08430000000006364	0.002899978462647789	0.997100021537354
0.08440000000006374	0.0028799474588953834	0.9971200525411057
0.08450000000006384	0.00286005481517444	0.9971399451848271
0.08460000000006394	0.0028402995757915456	0.9971597004242101
0.08470000000006404	0.002820680791654547	0.9971793192083476
0.08480000000006414	0.002801197520226945	0.9971988024797758
0.08490000000006424	0.0027818488254826167	0.9972181511745206
0.08500000000006434	0.0027626337778608517	0.9972373662221424
0.08510000000006444	0.002743551454221687	0.9972564485457813
0.08520000000006454	0.0027246009378015562	0.9972753990622006
0.08530000000006464	0.0027057813181692487	0.9972942186818333
0.08540000000006474	0.0026870916911821735	0.9973129083088201
0.08550000000006484	0.002668531158942915	0.9973314688410594
0.08560000000006494	0.0026500988297561007	0.9973499011702461
0.08570000000006504	0.002631793818085558	0.9973682061819168
0.08580000000006514	0.0026136152445117742	0.9973863847554907
0.08590000000006524	0.0025955622356896454	0.9974044377643132
0.08600000000006534	0.0025776339243065217	0.9974223660756966
0.08610000000006544	0.0025598294490405326	0.9974401705509626
0.08620000000006554	0.002542147954519215	0.9974578520454835
0.08630000000006564	0.0025245885912784094	0.9974754114087241
0.08640000000006574	0.002507150515721459	0.9974928494842814
0.08650000000006584	0.002489832890078676	0.9975101671099241
0.08660000000006594	0.0024726348823670974	0.9975273651176355
0.08670000000006604	0.002455555666350505	0.9975444443336521
0.08680000000006614	0.002438594421499744	0.9975614055785028
0.08690000000006624	0.0024217503329532846	0.9975782496670489
0.08700000000006634	0.0024050225914781	0.9975949774085238
0.08710000000006644	0.0023884103934307616	0.9976115896065711
0.08720000000006654	0.002371912940718851	0.9976280870592829
0.08730000000006664	0.0023555294407626	0.9976444705592394
0.08740000000006674	0.0023392591064568297	0.9976607408935451
0.08750000000006684	0.0023231011561331226	0.997676898843869
0.08760000000006694	0.0023070548135222775	0.9976929451864797
0.08770000000006704	0.0022911193077170115	0.9977088806922849
0.08780000000006714	0.0022752938731349253	0.9977247061268663
0.08790000000006724	0.0022595777494817245	0.9977404222505195
0.08800000000006734	0.0022439701817146894	0.9977560298182867
0.08810000000006744	0.0022284704200063996	0.9977715295799949
0.08820000000006754	0.0022130777197087166	0.9977869222802922
0.08830000000006764	0.0021977913413170043	0.9978022086586841
0.08840000000006774	0.002182610550434603	0.9978173894495667
0.08850000000006784	0.0021675346177375456	0.9978324653822639
0.08860000000006794	0.002152562818939519	0.9978474371810616
0.08870000000006804	0.002137694434757074	0.9978623055652436
0.08880000000006814	0.002122928750875059	0.9978770712491252
0.08890000000006824	0.002108265057912304	0.997891734942088
0.08900000000006834	0.0020937026513875513	0.9979062973486129
0.08910000000006844	0.0020792408316855937	0.9979207591683151
0.08920000000006854	0.0020648789040236806	0.997935121095977
0.08930000000006864	0.0020506161784181287	0.9979493838215834
0.08940000000006874	0.002036451969651167	0.99796354803035
0.08950000000006884	0.0020223855972380327	0.9979776144027632
0.08960000000006894	0.0020084163853942676	0.9979915836146067
0.08970000000006904	0.0019945436630032574	0.9980054563369978
0.08980000000006914	0.0019807667635839844	0.9980192332364167
0.08990000000006924	0.001967085025259016	0.9980329149747416
0.09000000000006934	0.0019534977907226998	0.9980465022092782
0.09010000000006944	0.001940004407209584	0.9980599955927915
0.09020000000006954	0.0019266042264630624	0.9980733957735378
0.09030000000006964	0.0019132966047042293	0.998086703395296
0.09040000000006974	0.0019000809026009436	0.9980999190973995
0.09050000000006984	0.0018869564852371254	0.9981130435147636
0.09060000000006994	0.001873922722082243	0.9981260772779185
0.09070000000007004	0.0018609789869610254	0.9981390210130393
0.09080000000007014	0.00184812465802338	0.9981518753419774
0.09090000000007024	0.0018353591177145117	0.9981646408822857
0.09100000000007034	0.0018226817527452607	0.998177318247255
0.09110000000007044	0.0018100919540626364	0.9981899080459373
0.09120000000007054	0.0017975891168205544	0.9982024108831795
0.09130000000007064	0.0017851726403507809	0.9982148273596494
0.09140000000007074	0.001772841928134074	0.9982271580718658
0.09150000000007084	0.0017605963877715255	0.9982394036122283
0.09160000000007094	0.0017484354309561013	0.9982515645690442
0.09170000000007104	0.0017363584734443735	0.9982636415265557
0.09180000000007114	0.0017243649350284608	0.9982756350649715
0.09190000000007124	0.0017124542395081442	0.9982875457604914
0.09200000000007134	0.001700625814663191	0.9982993741853365
0.09210000000007144	0.0016888790922258631	0.9983111209077737
0.09220000000007154	0.0016772135078536097	0.9983227864921459
0.09230000000007164	0.001665628501101964	0.9983343714988974
0.09240000000007174	0.0016541235153976132	0.9983458764846023
0.09250000000007184	0.00164269799801166	0.9983573020019879
0.09260000000007194	0.0016313514000330675	0.9983686485999669
0.09270000000007204	0.001620083176342289	0.9983799168236579
0.09280000000007214	0.0016088927855850788	0.9983911072144152
0.09290000000007224	0.001597779690146485	0.9984022203098529
0.09300000000007234	0.001586743356125018	0.9984132566438741
0.09310000000007244	0.0015757832533070035	0.9984242167466916
0.09320000000007254	0.0015648988551411115	0.9984351011448575
0.09330000000007264	0.0015540896387130536	0.9984459103612859
0.09340000000007274	0.0015433550847204643	0.998456644915278
0.09350000000007284	0.0015326946774479547	0.9984673053225507
0.09360000000007294	0.0015221079047423322	0.9984778920952563
0.09370000000007304	0.0015115942579879969	0.9984884057420113
0.09380000000007314	0.001501153232082506	0.9984988467679167
0.09390000000007324	0.001490784325412307	0.9985092156745871
0.09400000000007334	0.0014804870398286419	0.9985195129601702
0.09410000000007344	0.0014702608806236115	0.9985297391193754
0.09420000000007354	0.0014601053565064098	0.9985398946434922
0.09430000000007364	0.0014500199795797206	0.9985499800204185
0.09440000000007374	0.0014400042653162758	0.9985599957346817
0.09450000000007384	0.001430057732535582	0.9985699422674625
0.09460000000007394	0.0014201799033808017	0.9985798200966174
0.09470000000007404	0.0014103703032957936	0.9985896296967026
0.09480000000007414	0.0014006284610023148	0.9985993715389957
0.09490000000007424	0.00139095390847738	0.9986090460915202
0.09500000000007434	0.0013813461809307783	0.998618653819067
0.09510000000007444	0.0013718048167827381	0.998628195183215
0.09520000000007454	0.0013623293576417582	0.9986376706423561
0.09530000000007464	0.0013529193482825792	0.9986470806517157
0.09540000000007474	0.0013435743366243184	0.998656425663374
0.09550000000007484	0.0013342938737087478	0.9986657061262897
0.09560000000007494	0.0013250775136787252	0.9986749224863194
0.09570000000007504	0.001315924813756778	0.9986840751862416
0.09580000000007514	0.0013068353342238232	0.9986931646657748
0.09590000000007524	0.001297808638398051	0.9987021913616007
0.09600000000007534	0.0012888442926139376	0.9987111557073848
0.09610000000007544	0.0012799418662014178	0.9987200581337972
0.09620000000007554	0.0012711009314651874	0.9987288990685335
0.09630000000007564	0.0012623210636641634	0.9987376789363346
0.09640000000007574	0.001253601840991071	0.9987463981590079
0.09650000000007584	0.0012449428445521838	0.9987550571554468
0.09660000000007594	0.0012363436583471988	0.9987636563416521
0.09670000000007604	0.0012278038692492474	0.9987721961307497
0.09680000000007614	0.0012193230669850493	0.9987806769330139
0.09690000000007624	0.0012109008441152029	0.9987890991558831
0.09700000000007634	0.0012025367960146114	0.9987974632039838
0.09710000000007644	0.0011942305208530433	0.9988057694791456
0.09720000000007654	0.0011859816195758238	0.9988140183804223
0.09730000000007664	0.001177789695884668	0.9988222103041136
0.09740000000007674	0.0011696543562186384	0.9988303456437797
0.09750000000007684	0.0011615752097352396	0.9988384247902629
0.09760000000007694	0.0011535518682916405	0.9988464481317064
0.09770000000007704	0.001145583946426025	0.9988544160535718
0.09780000000007714	0.001137671061339078	0.9988623289386583
0.09790000000007724	0.0011298128328755884	0.9988701871671208
0.09800000000007734	0.0011220088835061912	0.9988779911164906
0.09810000000007744	0.0011142588383092256	0.9988857411616873
0.09820000000007754	0.0011065623249527283	0.9988934376750433
0.09830000000007764	0.00109891897367654	0.9989010810263191
0.09840000000007774	0.0010913284172745432	0.9989086715827211
0.09850000000007784	0.0010837902910770226	0.998916209708918
0.09860000000007794	0.0010763042329331412	0.9989236957670621
0.09870000000007804	0.0010688698831935487	0.9989311301168019
0.09880000000007814	0.001061486884693092	0.9989385131153025
0.09890000000007824	0.0010541548827336694	0.9989458451172615
0.09900000000007834	0.00104687352506718	0.9989531264749276
0.09910000000007844	0.0010396424618786043	0.9989603575381156
0.09920000000007854	0.0010324613457691981	0.9989675386542248
0.09930000000007864	0.0010253298317398026	0.9989746701682545
0.09940000000007874	0.0010182475771742694	0.9989817524228202
0.09950000000007884	0.001011214241823001	0.9989887857581715
0.09960000000007894	0.0010042294877866047	0.9989957705122082
0.09970000000007904	0.0009972929794996557	0.9990027070204952
0.09980000000007914	0.0009904043837145806	0.999009595616281
0.09990000000007924	0.0009835633694856444	0.9990164366305101
