# time	A	B	C
0	1.0	0.0	0.0
9.999999999999982e-05	0.04755250792540578	0.8601956379441255	0.06453862500617552
0.00019999999999999955	0.002261241009995779	0.8192027180840495	0.1494230808543391
0.0003000000000000008	0.00010752768104907689	0.7431532958697926	0.22748555557546038
0.0004000000000000032	5.113210905286725e-06	0.6724917610468552	0.2981757708996137
0.0005000000000000056	2.431460020979183e-07	0.60846966275558	0.36213857105555325
0.0006000000000000081	1.1562202191791992e-08	0.5505387817713059	0.42001174579512895
0.0007000000000000105	5.498117113603324e-10	0.4981231763739817	0.47237494626907506
0.0008000000000000129	2.6144925761943103e-11	0.4506979387514614	0.5197527591619295
0.0009000000000000154	1.2432567895039443e-12	0.4077879557251474	0.5626198322293717
0.0010000000000000152	5.911997833620084e-14	0.36896334002873565	0.6014056233112353
0.0011000000000000068	2.8113032383820068e-15	0.3338351326308961	0.6364987025017315
0.0011999999999999984	1.3368451952387921e-16	0.3020514064351007	0.6682506449713335
0.00129999999999999	6.357034174163329e-18	0.2732937405671304	0.6969795531734363
0.0013999999999999816	3.0229291794897696e-19	0.24727403032047077	0.7229732437098491
0.0014999999999999731	1.4374786376562764e-20	0.2237316008191192	0.7464921307816994
0.0015999999999999647	6.835571430975159e-22	0.2024305954823181	0.7677718351131639
0.0016999999999999563	3.2504856464612343e-23	0.18315761312795334	0.787025544485174
0.001799999999999948	1.5456874446476542e-24	0.16571957004226284	0.8044461495277784
0.0018999999999999395	7.350131446180774e-26	0.14994176559729974	0.8202081761682967
0.001999999999999941	3.4951718384728516e-27	0.1356661320368013	0.8344695340952343
0.0020999999999999543	1.6620418654963542e-28	0.12274965089618951	0.8473730987547052
0.0021999999999999676	7.903425898137154e-30	0.11106292019182157	0.8590481427283688
0.002299999999999981	3.7582772265902433e-31	0.10048885802507677	0.8696116308329468
0.002399999999999994	1.787155076033045e-32	0.09092152961351384	0.8791693919160983
0.0025000000000000074	8.498370591699058e-34	0.08226508599787387	0.8878171790881226
0.0026000000000000207	4.0411883491480447e-35	0.07443280379251022	0.8956416290112811
0.002700000000000034	1.9216864100091984e-36	0.06734621635911879	0.9027211298572391
0.0028000000000000472	9.138100824210698e-38	0.06093432769955147	0.9091266066281467
0.0029000000000000605	4.345396118664362e-39	0.0551329011922075	0.914922231708983
0.003000000000000074	2.0663448337181458e-40	0.04988381604630542	0.9201660677697394
0.003100000000000087	9.825987908200344e-42	0.04513448502676199	0.924910649458263
0.0032000000000001003	4.672503678796378e-43	0.04083732761623551	0.9292035097113792
0.0033000000000001136	2.2218926821745243e-44	0.0369492933362797	0.9330876559570547
0.003400000000000127	1.056565693785051e-45	0.033431430452066806	0.9366020009783835
0.00350000000000014	5.024234852742553e-47	0.030248495739808142	0.9397817527559293
0.0036000000000001534	2.389149676541404e-48	0.02736860140738089	0.9426587671940236
0.0037000000000001667	1.1361005892871578e-49	0.024762895630883436	0.9452618672647444
0.00380000000000018	5.402443227613577e-51	0.022405273506619694	0.9476171317668836
0.0039000000000001932	2.5689972439764933e-52	0.020272115522724312	0.9497481565927945
0.0040000000000002065	1.221622618045378e-53	0.018342050930342885	0.9516762911205836
0.00410000000000022	5.809121922645774e-55	0.01659574364373395	0.9534208520999058
0.004200000000000233	2.7623831626626144e-56	0.015015698524362724	0.9549993171741575
0.004300000000000246	1.3135824723552137e-57	0.013586086108270296	0.9564274999778338
0.00440000000000026	6.246414092734542e-59	0.012292584020773621	0.9577197085632436
0.004500000000000273	2.9703265565012573e-60	0.01112223348973143	0.9588888887437549
0.004600000000000286	1.4124647711906935e-61	0.010063309519874102	0.9599467537896424
0.004700000000000299	6.71662422264019e-63	0.009105203427556718	0.9609039017758677
0.004800000000000313	3.193923265790702e-64	0.00823831655912615	0.9617699217574297
0.004900000000000326	1.5187906140965026e-65	0.007453964128134174	0.9625534898359913
0.005000000000000339	7.222230271385578e-67	0.006744288208003087	0.9632624560802022
0.0051000000000003525	3.434351622191679e-68	0.006102179008472781	0.9639039231705331
0.005200000000000366	1.633120327328999e-69	0.005521203647148296	0.9644843175564968
0.005300000000000379	7.765896730845345e-71	0.004995541702555349	0.9650094538391453
0.005400000000000392	3.69287865841406e-72	0.004519926903051129	0.9654845930238498
0.005500000000000406	1.7560564167179655e-73	0.004089594367408647	0.9659144952269568
0.005600000000000419	8.350488667344071e-75	0.0037002328685118015	0.9663034673643554
0.005700000000000432	3.970866785348899e-76	0.0033479416419215113	0.9666554062997191
0.005800000000000445	1.8882467428103396e-77	0.00302919130660556	0.9669738378847
0.005900000000000459	8.979086820261029e-79	0.002740788506321828	0.9672619522821836
0.006000000000000472	4.269780971833689e-80	0.002479843917419503	0.9675226359264967
0.006100000000000485	2.030387935028683e-81	0.002243743302548864	0.9677585004407531
0.0062000000000004985	9.655003837209972e-83	0.002030121320285191	0.967971908801034
0.006300000000000512	4.591196464887504e-84	0.0018368378282821564	0.9681649990095446
0.006400000000000525	2.183229062836581e-85	0.001661956442551094	0.96833970551389
0.006500000000000538	1.038180173135127e-86	0.0015037251380652665	0.9684977785870718
0.006600000000000552	4.9368070911007194e-88	0.001360558696338932	0.9686408018623565
0.006700000000000565	2.3475755832576638e-89	0.0012310228241347316	0.9687702081986883
0.006800000000000578	1.1163310652834913e-90	0.001113819784194846	0.9688872940355885
0.006900000000000591	5.308434182926989e-92	0.0010077753940393817	0.9689932323813537
0.007000000000000605	2.524293585551304e-93	0.0009118272625812569	0.9690890845646808
0.007100000000000618	1.2003649073297935e-94	0.000825014146707711	0.9691758108674384
0.007200000000000631	5.708036176917896e-96	0.0007464663211988543	0.9692542801451216
0.0073000000000006445	2.7143143554139097e-97	0.0006753968655055828	0.9693252785313592
0.007400000000000658	1.290724548978626e-98	0.0006110937800946648	0.9693895173136841
0.007500000000000671	6.137718934482189e-100	0.0005529128533796843	0.9694476400594725
0.007600000000000684	2.9186392827587714e-101	0.0005002712077761723	0.9695002290634308
0.007700000000000698	1.3878861762478706e-102	0.0004526414602229714	0.969547811181236
0.007800000000000711	6.599746839558796e-104	0.00040954643866782683	0.9695908631077697
0.007900000000000648	3.1383451389379138e-105	0.00037055440158503583	0.9696298161528157
0.008000000000000574	1.492361820920038e-106	0.0003352747126325601	0.9696650605620798
0.008100000000000501	7.096554731687308e-108	0.0003033539271157459	0.9696969494268115
0.008200000000000427	3.374589751216364e-109	0.00027447225105043125	0.969725802221201
0.008300000000000354	1.6047020588970936e-110	0.00024834033735105247	0.9697519080029873
0.00840000000000028	7.6307607373619e-112	0.0002246963870468015	0.9697755283093411
0.008500000000000207	3.628618104402769e-113	0.00020330352648476852	0.9697968997770424
0.008600000000000134	1.7254989116788356e-114	0.0001839474342439426	0.969816236513191
0.00870000000000006	8.205180067288679e-116	0.00016643419398563458	0.969833732240209
0.008799999999999987	3.9017689017912625e-117	0.00015058835172940185	0.9698495622366226
0.008899999999999913	1.8553889662553092e-118	0.0001362511580915601	0.9698638850930665
0.00899999999999984	8.822839852256606e-120	0.00012327897787639224	0.9698768443011013
0.009099999999999766	4.195481619990182e-121	0.00011154185108676437	0.9698885696907638
0.009199999999999693	1.9950567298547724e-122	0.00010092219093783113	0.9698991787312516
0.00929999999999962	9.486995095805324e-124	9.131360583005996e-05	0.9699087777077742
0.009399999999999546	4.5113040948156836e-125	8.261983347967478e-05	0.969917462786352
0.009499999999999472	2.145238237226382e-126	7.4753776528252e-05	0.9699253209772465
0.009599999999999399	1.0201145827759109e-127	6.763662996985555e-05	0.9699324310066578
0.009699999999999325	4.85090067822735e-129	6.119709165396108e-05	0.9699388641054353
0.009799999999999252	2.3067249294676233e-130	5.537064795470189e-05	0.9699446847226912
0.009899999999999179	1.0969055549024025e-131	5.009892745001204e-05	0.9699499511714753
0.009999999999999105	5.2160610092918085e-133	4.532911613559033e-05	0.9699547162129786
0.010099999999999032	2.480367824837488e-134	4.101342831508745e-05	0.9699590275851117
0.010199999999998958	1.1794771064850617e-135	3.710862786570216e-05	0.9699629284807604
0.010299999999998885	5.608709445396558e-137	3.357559508305228e-05	0.9699664579805102
0.010399999999998811	2.6670820035351797e-138	3.037893476581535e-05	0.9699696514441674
0.010499999999998738	1.268264381108137e-139	2.748662161378937e-05	0.9699725408650063
0.010599999999998664	6.03091520341546e-141	2.4869679386842545e-05	0.9699751551902906
0.01069999999999859	2.8678514300786366e-142	2.250189061045082e-05	0.9699775206112784
0.010799999999998517	1.3637352785770061e-143	2.0359533919547594e-05	0.9699796608256126
0.010899999999998444	6.484903264268857e-145	1.8421146409301866e-05	0.9699815972747355
0.01099999999999837	3.083734138696343e-146	1.6667308611968217e-05	0.9699833493586949
0.011099999999998297	1.466392920702023e-147	1.508044994562955e-05	0.969984934630503
0.011199999999998224	6.97306609834418e-149	1.3644672685746976e-05	0.9699863689719852
0.01129999999999815	3.3158678090588985e-150	1.2345592696000785e-05	0.9699876667528952
0.011399999999998077	1.576778302698712e-151	1.1170195322805877e-05	0.9699888409748716
0.011499999999998003	7.49797627356884e-153	1.0106705009801037e-05	0.9699899034016943
0.01159999999999793	3.565475761733867e-154	9.14446732606275e-06	0.9699908646771414
0.011699999999997856	1.695473144176919e-155	8.27384222615947e-06	0.9699917344316163
0.011799999999997783	8.062400012578556e-157	7.486107472686893e-06	0.9699925213786351
0.01189999999999771	3.833873404959335e-158	6.773371253736359e-06	0.9699932334021182
0.011999999999997636	1.8231029547433126e-159	6.128493119866396e-06	0.9699938776353739
0.012099999999997562	8.6693117704262e-161	5.5450124484955055e-06	0.9699944605325638
0.012199999999997489	4.122475166710052e-162	5.017083719046496e-06	0.9699949879333648
0.012299999999997415	1.960340330372682e-163	4.5394179504053165e-06	0.9699954651214674
0.012399999999997342	9.321909909653953e-165	4.10722971399374e-06	0.9699958968775161
0.012499999999997269	4.432801948587381e-166	3.716189191613623e-06	0.9699962875269977
0.012599999999997195	2.107908497919554e-167	3.3623787977608497e-06	0.9699966409835812
0.012699999999997122	1.002363355533498e-168	3.0422539318356505e-06	0.9699969607883221
0.012799999999997048	4.766489140814297e-170	2.7526074670507002e-06	0.9699972501451405
0.012899999999996975	2.2665851264493224e-171	2.4905376202740315e-06	0.9699975119529177
0.012999999999996901	1.0778180718908828e-172	2.2534188809152095e-06	0.9699977488345386
0.013099999999996828	5.125295240573675e-174	2.0388757076098435e-06	0.9699979631631684
0.013199999999996754	2.4372064254742384e-175	1.8447587291862924e-06	0.9699981570860298
0.01329999999999668	1.158952778632136e-176	1.6691232114872238e-06	0.9699983325459115
0.013399999999996607	5.511111119107571e-178	1.5102095743188543e-06	0.9699984913006354
0.013499999999996534	2.620671551691548e-179	1.3664257633396364e-06	0.969998634940662
0.01359999999999646	1.2461950473169763e-180	1.2363313002835576e-06	0.9699987649050305
0.013699999999996387	5.925969986414196e-182	1.118622851727444e-06	0.9699988824957703
0.013799999999996313	2.8179473474467777e-183	1.012121171824934e-06	0.9699989888909485
0.01389999999999624	1.3400046357283895e-184	9.157592881947246e-07	0.9699990851564705
0.013999999999996167	6.372058106055476e-186	8.285718126050269e-07	0.9699991722567585
0.014099999999996093	3.030073435893491e-187	7.496852693647999e-07	0.9699992510644153
0.01419999999999602	1.4408759107488684e-188	6.783093445280966e-07	0.9699993223689638
0.014299999999995946	6.851726316541176e-190	6.137289682428692e-07	0.9699993868847588
0.014399999999995873	3.258167699700356e-191	5.552971509223471e-07	0.9699994452581439
0.0144999999999958	1.5493404536230238e-192	5.024285014691557e-07	0.9699994980739247
0.014599999999995726	7.367502420006066e-194	4.545933626154003e-07	0.9699995458612284
0.014699999999995652	3.503432172177848e-195	4.113125046244291e-07	0.9699995890988057
0.014799999999995579	1.6659698613360867e-196	3.7215232419385463e-07	0.9699996282198261
0.014899999999995505	7.922104503467139e-198	3.367205004607148e-07	0.9699996636162177
0.014999999999995432	3.7671593718701384e-199	3.046620645890528e-07	0.9699996956425952
0.015099999999995358	1.7913787588712136e-200	2.7565584356362454e-07	0.9699997246198103
0.015199999999995285	8.518455262862697e-202	2.494112425623725e-07	0.9699997508381668
0.015299999999995212	4.050739113994928e-203	2.2566533367230714e-07	0.9699997745603295
0.015399999999995138	1.9262280382199505e-204	2.0418022178249838e-07	0.9699997960239564
0.015499999999995065	9.159697405359303e-206	1.8474066126474003e-07	0.969999815444078
0.015599999999994991	4.355665834626669e-207	1.6715189956493055e-07	0.9699998330152512
0.015699999999995048	2.071228341215038e-208	1.512377261014885e-07	0.9699998489135101
0.015799999999995148	9.849210211095305e-210	1.3683870692396087e-07	0.9699998632981303
0.015899999999995248	4.6835464662209685e-211	1.2381058744599414e-07	0.9699998763132212
0.015999999999995348	2.2271438045397877e-212	1.1202284725067069e-07	0.9699998880891736
0.016099999999995448	1.059062734163967e-213	1.0135739248972544e-07	0.969999898743962
0.016199999999995548	5.036108905983396e-215	9.170737277662565e-08	0.9699999083843317
0.016299999999995648	2.394796086649817e-216	8.297611072072045e-08	0.969999917106862
0.016399999999995748	1.1387855989014608e-217	7.507613337814555e-08	0.9699999249989386
0.016499999999995848	5.415211121709965e-219	6.792829591620746e-08	0.9699999321396283
0.016599999999995948	2.5750686978285845e-220	6.146098871180078e-08	0.9699999386004686
0.016699999999996048	1.2245097466195804e-221	5.560941994028162e-08	0.9699999444461856
0.016799999999996148	5.822850943086421e-223	5.0314966467515315e-08	0.969999949735345
0.016899999999996248	2.768911656195736e-224	4.552458654209747e-08	0.9699999545209342
0.016999999999996348	1.3166869347599614e-225	4.1190288403888245e-08	0.9699999588508982
0.017099999999996448	6.261176590045127e-227	3.726864948518699e-08	0.9699999627686153
0.017199999999996548	2.977346494204862e-228	3.372038138773057e-08	0.969999966313335
0.017299999999996648	1.415802927623557e-229	3.050993627729786e-08	0.9699999695205694
0.017399999999996748	6.732497993663191e-231	2.7605150752638775e-08	0.9699999724224503
0.017499999999996848	3.2014716420144752e-232	2.4976923620877663e-08	0.9699999750480488
0.017599999999996948	1.5223800562985508e-233	2.2598924351229023e-08	0.9699999774236701
0.017699999999997048	7.239298969261654e-235	2.044732928620878e-08	0.9699999795731137
0.017799999999997148	3.4424682161019646e-236	1.8500582967609874e-08	0.9699999815179129
0.017899999999997248	1.636979971291461e-237	1.6739182186119046e-08	0.9699999832775524
0.017999999999997348	7.784250305856766e-239	1.514548059110619e-08	0.9699999848696605
0.018099999999997448	3.7016062436259646e-240	1.3703511903095965e-08	0.9699999863101875
0.018199999999997548	1.7602066023675523e-241	1.2398829957800462e-08	0.9699999876135651
0.018299999999997648	8.370223840943462e-243	1.121836397921606e-08	0.9699999887928502
0.018399999999997748	3.9802513553388386e-244	1.0150287631857993e-08	0.969999989859858
0.018499999999997848	1.8927093411985725e-245	9.183900540250515e-09	0.9699999908252787
0.018599999999997948	9.000307594783468e-247	8.309521088692027e-09	0.9699999916987841
0.018699999999998048	4.279871982320306e-248	7.5183894273243e-09	0.9699999924891244
0.018799999999998148	2.035186463590086e-249	6.802579712785761e-09	0.9699999932042184
0.018899999999998248	9.677822043954608e-251	6.154920704243585e-09	0.96999999385123
0.018999999999998348	4.602047094458184e-252	5.568923919307174e-09	0.9699999944366404
0.019099999999998448	2.1883888093231345e-253	5.038718630062834e-09	0.9699999949663147
0.019199999999998548	1.0406337619920767e-254	4.558993047996396e-09	0.9699999954455607
0.019299999999998648	4.948474521457307e-256	4.124941108573132e-09	0.9699999958791784
0.019399999999998748	2.3531237390026716e-257	3.732214322343485e-09	0.9699999962715126
0.019499999999998848	1.11896935248385e-258	3.3768782102016965e-09	0.9699999966264935
0.019599999999998948	5.320979900227445e-260	3.055372886349892e-09	0.9699999969476771
0.019699999999999048	2.530259388764904e-261	2.7644773940735296e-09	0.9699999972382813
0.019799999999999148	1.2032017963757552e-262	2.5012774370311008e-09	0.9699999975012178
0.019899999999999248	5.7215262958020575e-264	2.2631361827784447e-09	0.969999997739121
0.019999999999999348	2.720729245265447e-265	2.0476678460268314e-09	0.9699999979543743
0.020099999999999448	1.2937749899836843e-266	1.8527137869823196e-09	0.9699999981491326
0.020199999999999548	6.152224546489091e-268	1.6763208853109028e-09	0.9699999983253489
0.020299999999999648	2.925537065057983e-269	1.5167219730720049e-09	0.9699999984847885
0.020399999999999748	1.3911662447223811e-270	1.3723181305903605e-09	0.9699999986290481
0.020499999999999848	6.615344387771797e-272	1.2416626678999234e-09	0.9699999987595727
0.020599999999999948	3.1457621642880677e-273	1.1234466312801075e-09	0.9699999988776702
0.020700000000000048	1.4958888024875e-274	1.0164856896835924e-09	0.969999998984524
0.020800000000000148	7.1133264135812614e-276	9.197082696791767e-10	0.9699999990812045
0.020900000000000248	3.38256510657821e-277	8.321448200412565e-10	0.9699999991686801
0.021000000000000348	1.608494540387613e-278	7.529180984346796e-10	0.9699999992478271
0.021100000000000448	7.648794937975381e-280	6.812343828834844e-10	0.9699999993194393
0.02120000000000055	3.637193819078777e-281	6.163755199768304e-10	0.9699999993842332
0.02130000000000065	1.729576879079804e-282	5.576917301481654e-10	0.9699999994428583
0.02140000000000075	8.224571825004093e-284	5.045950979483175e-10	0.9699999994959015
0.02150000000000085	3.910990168915759e-285	4.565536820957106e-10	0.9699999995438948
0.02160000000000095	1.8597739100355072e-286	4.1308618629604776e-10	0.9699999995873192
0.02170000000000105	8.843691359642632e-288	3.7375713744181475e-10	0.969999999626609
0.02180000000000115	4.20539703469249e-289	3.38172522885053e-10	0.969999999662158
0.02190000000000125	1.9997717582169267e-290	3.0597584307602723e-10	0.9699999996943233
0.02200000000000135	9.509416238161304e-292	2.768445400216858e-10	0.9699999997234255
0.02210000000000145	4.5219659103114775e-293	2.504867657829282e-10	0.9699999997497569
0.02220000000000155	2.1503081978850124e-294	2.2663845863630407e-10	0.9699999997735813
0.02230000000000165	1.0225254762199201e-295	2.0506069760808316e-10	0.9699999997951372
0.02240000000000175	4.862365081187706e-297	1.855373088774526e-10	0.9699999998146409
0.02250000000000185	2.312176540593946e-298	1.6787270006892988e-10	0.9699999998322881
0.02260000000000195	1.0994979327153088e-299	1.518899007371427e-10	0.9699999998482554
0.02270000000000205	5.228388415941199e-301	1.3742878941284747e-10	0.969999999862702
0.02280000000000215	2.4862298158614345e-302	1.2434448944808811e-10	0.9699999998757731
0.02290000000000225	1.1822646302313102e-303	1.1250591758949358e-10	0.9699999998876
0.02300000000000235	5.621964819900132e-305	1.0179447073879589e-10	0.9699999998982999
0.02310000000000245	2.6733852665465355e-306	9.210283774405878e-11	0.9699999999079818
0.02320000000000255	1.2712617407511722e-307	8.333392431771257e-11	0.9699999999167418
0.02330000000000265	6.04516840023352e-309	7.53998803108344e-11	0.969999999924668
0.02340000000000275	2.8746291826253e-310	6.82212195985565e-11	0.9699999999318392
0.02350000000000285	1.366958269894e-311	6.172602375929382e-11	0.9699999999383281
0.02360000000000295	6.5002293962e-313	5.584922156996336e-11	0.9699999999441993
0.02370000000000305	3.091022099e-314	5.053193709891644e-11	0.9699999999495117
0.02380000000000315	1.469858537e-315	4.572089986554353e-11	0.9699999999543178
0.02390000000000325	6.989546e-317	4.136791115731603e-11	0.9699999999586664
0.02400000000000335	3.3237e-318	3.742936115763716e-11	0.9699999999626009
0.02410000000000345	1.5805e-319	3.3865792046913014e-11	0.9699999999661606
0.02420000000000355	7.51e-321	3.0641502699832814e-11	0.9699999999693817
0.02430000000000365	3.6e-322	2.7724191018572235e-11	0.969999999972296
0.02440000000000375	8e-323	2.5084630318684575e-11	0.9699999999749329
0.02450000000000385	8e-323	2.269637652559627e-11	0.9699999999773187
0.02460000000000395	8e-323	2.053550324829541e-11	0.9699999999794774
0.02470000000000405	8e-323	1.8580362076085764e-11	0.9699999999814305
0.02480000000000415	8e-323	1.6811365696971754e-11	0.9699999999831979
0.02490000000000425	8e-323	1.5210791664876825e-11	0.9699999999847967
0.02500000000000435	8e-323	1.3762604849763212e-11	0.9699999999862434
0.02510000000000445	8e-323	1.2452296791894805e-11	0.9699999999875525
0.02520000000000455	8e-323	1.1266740350835653e-11	0.9699999999887369
0.02530000000000465	8e-323	1.019405819300525e-11	0.9699999999898083
0.02540000000000475	8e-323	9.223503800251312e-12	0.9699999999907779
0.02550000000000485	8e-323	8.345353807340839e-12	0.9699999999916552
0.02560000000000495	8e-323	7.550810589767482e-12	0.969999999992449
0.02570000000000505	8e-323	6.831914125964653e-12	0.9699999999931673
0.02580000000000515	8e-323	6.181462250928034e-12	0.9699999999938169
0.02590000000000525	8e-323	5.59293850231952e-12	0.9699999999944048
0.02600000000000535	8e-323	5.0604468361886115e-12	0.9699999999949368
0.02610000000000545	8e-323	4.57865255826987e-12	0.9699999999954177
0.02620000000000555	8e-323	4.1427288790846686e-12	0.9699999999958534
0.02630000000000565	8e-323	3.7483085574169854e-12	0.9699999999962474
0.02640000000000575	8e-323	3.3914401477100018e-12	0.9699999999966042
0.02650000000000585	8e-323	3.0685484130541676e-12	0.9699999999969267
0.02660000000000595	8e-323	2.776398507169644e-12	0.9699999999972183
0.02670000000000605	8e-323	2.512063566545322e-12	0.9699999999974828
0.02680000000000615	8e-323	2.2728953880606636e-12	0.9699999999977219
0.02690000000000625	8e-323	2.056497898328255e-12	0.9699999999979382
0.02700000000000635	8e-323	1.8607031489632516e-12	0.9699999999981332
0.02710000000000645	8e-323	1.6835495972917004e-12	0.9699999999983101
0.02720000000000655	8e-323	1.5232624549059778e-12	0.9699999999984704
0.02730000000000665	8e-323	1.3782359071920802e-12	0.9699999999986157
0.02740000000000675	8e-323	1.2470170256975336e-12	0.9699999999987463
0.02750000000000685	8e-323	1.1282912121682234e-12	0.9699999999988648
0.02760000000000695	8e-323	1.0208690284272164e-12	0.9699999999989721
0.02770000000000705	8e-323	9.23674280152547e-13	0.9699999999990696
0.02780000000000715	8e-323	8.357332351729333e-13	0.9699999999991584
0.02790000000000725	8e-323	7.561648682664052e-13	0.9699999999992365
0.02800000000000735	8e-323	6.841720347307152e-13	0.9699999999993082
0.02810000000000745	8e-323	6.190334842991586e-13	0.9699999999993748
0.02820000000000755	8e-323	5.600966353943162e-13	0.9699999999994318
0.02830000000000765	8e-323	5.067710373295873e-13	0.9699999999994873
0.02840000000000775	8e-323	4.585224549604786e-13	0.9699999999995332
0.02850000000000785	8e-323	4.148675165235404e-13	0.9699999999995776
0.02860000000000795	8e-323	3.7536887104306633e-13	0.9699999999996182
0.02870000000000805	8e-323	3.3963080679070485e-13	0.9699999999996515
0.02880000000000815	8e-323	3.0729528690212317e-13	0.9699999999996848
0.02890000000000825	8e-323	2.7803836243409516e-13	0.9699999999997181
0.02900000000000835	8e-323	2.5156692692672463e-13	0.9699999999997404
0.02910000000000845	8e-323	2.276157799568286e-13	0.9699999999997626
0.02920000000000855	8e-323	2.0594497026410041e-13	0.9699999999997848
0.02930000000000865	8e-323	1.8633739183252433e-13	0.969999999999807
0.02940000000000875	8e-323	1.6859660884371815e-13	0.9699999999998292
0.02950000000000885	8e-323	1.52544887711798e-13	0.9699999999998417
0.02960000000000895	8e-323	1.380214164839774e-13	0.9699999999998528
0.02970000000000905	8e-323	1.248806937682133e-13	0.9699999999998639
0.02980000000000915	8e-323	1.1299107104759113e-13	0.969999999999875
0.02990000000000925	8e-323	1.0223343377782766e-13	0.9699999999998861
0.03000000000000935	8e-323	9.250000805464781e-14	0.9699999999998972
0.03010000000000945	8e-323	8.369328089580015e-14	0.9699999999999083
0.03020000000000955	8e-323	7.572502332070174e-14	0.9699999999999194
0.03030000000000965	8e-323	6.851540644057339e-14	0.9699999999999305
0.03040000000000975	8e-323	6.199220170373485e-14	0.9699999999999416
0.03050000000000985	8e-323	5.6090057283828373e-14	0.9699999999999527
0.03060000000000995	8e-323	5.0749843361565985e-14	0.9699999999999538
0.03070000000001005	8e-323	4.591805974079572e-14	0.9699999999999538
0.03080000000001015	8e-323	4.1546299864170143e-14	0.9699999999999538
0.03090000000001025	8e-323	3.759076585873252e-14	0.9699999999999538
0.03100000000001035	8e-323	3.401182975297133e-14	0.9699999999999538
0.03110000000001045	8e-323	3.0773636469456855e-14	0.9699999999999538
0.03120000000001055	8e-323	2.7843744615696633e-14	0.9699999999999538
0.031300000000010646	8e-323	2.519280147452194e-14	0.9699999999999538
0.031400000000010746	8e-323	2.279424893794213e-14	0.9699999999999538
0.031500000000010846	8e-323	2.0624057438405043e-14	0.9699999999999538
0.031600000000010946	8e-323	1.866048521189096e-14	0.9699999999999538
0.031700000000011046	8e-323	1.6883860481050433e-14	0.9699999999999538
0.031800000000011146	8e-323	1.5276384376217923e-14	0.9699999999999538
0.031900000000011246	8e-323	1.3821952619892535e-14	0.9699999999999538
0.032000000000011346	8e-323	1.2505994188256526e-14	0.9699999999999538
0.032100000000011446	8e-323	1.1315325333384193e-14	0.9699999999999538
0.032200000000011546	8e-323	1.023801750368283e-14	0.9699999999999538
0.032300000000011646	8e-323	9.263277839344925e-15	0.9699999999999538
0.032400000000011746	8e-323	8.38134104557174e-15	0.9699999999999538
0.032500000000011846	8e-323	7.583371560315115e-15	0.9699999999999538
0.032600000000011946	8e-323	6.8613750364185545e-15	0.9699999999999538
0.032700000000012046	8e-323	6.208118251353547e-15	0.9699999999999538
0.032800000000012146	8e-323	5.6170566421779815e-15	0.9699999999999538
0.032900000000012246	8e-323	5.0822687397355335e-15	0.9699999999999538
0.033000000000012346	8e-323	4.598396845234199e-15	0.9699999999999538
0.033100000000012446	8e-323	4.160593354880358e-15	0.9699999999999538
0.033200000000012546	8e-323	3.764472194829232e-15	0.9699999999999538
0.033300000000012646	8e-323	3.4060648799093976e-15	0.9699999999999538
0.033400000000012746	8e-323	3.0817807559018207e-15	0.9699999999999538
0.033500000000012846	8e-323	2.7883710270661176e-15	0.9699999999999538
0.033600000000012946	8e-323	2.5228962085288122e-15	0.9699999999999538
0.033700000000013046	8e-323	2.2826966774598206e-15	0.9699999999999538
0.033800000000013146	8e-323	2.065366028008201e-15	0.9699999999999538
0.033900000000013246	8e-323	1.8687269630572534e-15	0.9699999999999538
0.034000000000013346	8e-323	1.690809481273852e-15	0.9699999999999538
0.034100000000013446	8e-323	1.5298311409219856e-15	0.9699999999999538
0.034200000000013546	8e-323	1.3841792027162192e-15	0.9699999999999538
0.034300000000013646	8e-323	1.2523944728157497e-15	0.9699999999999538
0.034400000000013746	8e-323	1.1331566840923042e-15	0.9699999999999538
0.034500000000013846	8e-323	1.0252712692161266e-15	0.9699999999999538
0.034600000000013946	8e-323	9.276573930480564e-16	0.9699999999999538
0.034700000000014046	8e-323	8.393371244418564e-16	0.9699999999999538
0.034800000000014146	8e-323	7.594256389759937e-16	0.9699999999999538
0.034900000000014246	8e-323	6.871223544622898e-16	0.9699999999999538
0.035000000000014346	8e-323	6.21702910423762e-16	0.9699999999999538
0.035100000000014446	8e-323	5.625119111891571e-16	0.9699999999999538
0.035200000000014546	8e-323	5.089563599018734e-16	0.9699999999999538
0.035300000000014646	8e-323	4.60499717662794e-16	0.9699999999999538
0.035400000000014746	8e-323	4.166565282893765e-16	0.9699999999999538
0.035500000000014846	8e-323	3.7698755483988893e-16	0.9699999999999538
0.035600000000014946	8e-323	3.410953791787303e-16	0.9699999999999538
0.035700000000015046	8e-323	3.086204204976882e-16	0.9699999999999538
0.035800000000015146	8e-323	2.7923733290523904e-16	0.9699999999999538
0.035900000000015246	8e-323	2.5265174599363683e-16	0.9699999999999538
0.036000000000015346	8e-323	2.285973157296101e-16	0.9699999999999538
0.036100000000015446	8e-323	2.068330561234244e-16	0.9699999999999538
0.036200000000015546	8e-323	1.871409249440035e-16	0.9699999999999538
0.036300000000015646	8e-323	1.6932363929293036e-16	0.9699999999999538
0.036400000000015746	8e-323	1.5320269915295766e-16	0.9699999999999538
0.036500000000015846	8e-323	1.3861659911022011e-16	0.9699999999999538
0.036600000000015946	8e-323	1.254192103345364e-16	0.9699999999999538
0.036700000000016046	8e-323	1.13478316607891e-16	0.9699999999999538
0.036800000000016146	8e-323	1.0267428973450297e-16	0.9699999999999538
0.036900000000016246	8e-323	9.289889106225605e-17	0.9699999999999538
0.037000000000016346	8e-323	8.405418710870118e-17	0.9699999999999538
0.037100000000016446	8e-323	7.605156842797919e-17	0.9699999999999538
0.037200000000016546	8e-323	6.88108618893165e-17	0.9699999999999538
0.037300000000016646	8e-323	6.22595274735796e-17	0.9699999999999538
0.037400000000016746	8e-323	5.633193154110506e-17	0.9699999999999538
0.037500000000016846	8e-323	5.096868929013893e-17	0.9699999999999538
0.037600000000016946	8e-323	4.611606981839632e-17	0.9699999999999538
0.037700000000017046	8e-323	4.172545782743255e-17	0.9699999999999538
0.037800000000017146	8e-323	3.775286657698522e-17	0.9699999999999538
0.037900000000017246	8e-323	3.4158497209887844e-17	0.9699999999999538
0.038000000000017346	8e-323	3.090634003271205e-17	0.9699999999999538
0.038100000000017446	8e-323	2.796381375762396e-17	0.9699999999999538
0.038200000000017546	8e-323	2.530143909124846e-17	0.9699999999999538
0.038300000000017646	8e-323	2.289254340043741e-17	0.9699999999999538
0.038400000000017746	8e-323	2.0712993496175516e-17	0.9699999999999538
0.038500000000017846	8e-323	1.8740953858556932e-17	0.9699999999999538
0.038600000000017946	8e-323	1.6956667880642688e-17	0.9699999999999538
0.038700000000018046	8e-323	1.5342259939620762e-17	0.9699999999999538
0.038800000000018146	8e-323	1.388155631234612e-17	0.9699999999999538
0.038900000000018246	8e-323	1.2559923141127509e-17	0.9699999999999538
0.039000000000018346	8e-323	1.1364119826443924e-17	0.9699999999999538
0.039100000000018446	8e-323	1.0282166377825675e-17	0.9699999999999538
0.039200000000018546	8e-323	9.303223393973276e-18	0.9699999999999538
0.039300000000018646	8e-323	8.417483469711571e-18	0.9699999999999538
0.039400000000018746	8e-323	7.61607294185448e-18	0.9699999999999538
0.039500000000018846	8e-323	6.890962989635139e-18	0.9699999999999538
0.039600000000018946	8e-323	6.234889199073082e-18	0.9699999999999538
0.039700000000019046	8e-323	5.641278785445409e-18	0.9699999999999538
0.039800000000019146	8e-323	5.104184744750167e-18	0.9699999999999538
0.039900000000019246	8e-323	4.618226274467539e-18	0.9699999999999538
0.040000000000019346	8e-323	4.1785348667324306e-18	0.9699999999999538
0.040100000000019446	8e-323	3.780705533860333e-18	0.9699999999999538
0.040200000000019546	8e-323	3.4207526775861703e-18	0.9699999999999538
0.040300000000019646	8e-323	3.0950701598981602e-18	0.9699999999999538
0.040400000000019747	8e-323	2.8003951754418286e-18	0.9699999999999538
0.040500000000019847	8e-323	2.533775563554885e-18	0.9699999999999538
0.040600000000019947	8e-323	2.2925402324530745e-18	0.9699999999999538
0.04070000000002005	8e-323	2.0742723992657786e-18	0.9699999999999538
0.04080000000002015	8e-323	1.876785377830388e-18	0.9699999999999538
0.04090000000002025	8e-323	1.698100671678771e-18	0.9699999999999538
0.04100000000002035	8e-323	1.5364281527434658e-18	0.9699999999999538
0.04110000000002045	8e-323	1.3901481272067107e-18	0.9699999999999538
0.04120000000002055	8e-323	1.2577951088214618e-18	0.9699999999999538
0.04130000000002065	8e-323	1.1380431371396924e-18	0.9699999999999538
0.04140000000002075	8e-323	1.029692493560643e-18	0.9699999999999538
0.04150000000002085	8e-323	9.316576821156023e-19	0.9699999999999538
0.04160000000002095	8e-323	8.429565545763568e-19	0.9699999999999538
0.04170000000002105	8e-323	7.627004709387168e-19	0.9699999999999538
0.04180000000002115	8e-323	6.900853967052783e-19	0.9699999999999538
0.04190000000002125	8e-323	6.243838477767847e-19	0.9699999999999538
0.04200000000002135	8e-323	5.649376022530758e-19	0.9699999999999538
0.04210000000002145	8e-323	5.111511061278314e-19	0.9699999999999538
0.04220000000002155	8e-323	4.624855068129481e-19	0.9699999999999538
0.04230000000002165	8e-323	4.184532547182594e-19	0.9699999999999538
0.04240000000002175	8e-323	3.786132188032537e-19	0.9699999999999538
0.04250000000002185	8e-323	3.425662671666284e-19	0.9699999999999538
0.04260000000002195	8e-323	3.099512683984222e-19	0.9699999999999538
0.04270000000002205	8e-323	2.80441473634826e-19	0.9699999999999538
0.04280000000002215	8e-323	2.537412430697867e-19	0.9699999999999538
0.04290000000002225	8e-323	2.29583084128414e-19	0.9699999999999538
0.04300000000002235	8e-323	2.0772497162953512e-19	0.9699999999999538
0.04310000000002245	8e-323	1.879479230898213e-19	0.9699999999999538
0.04320000000002255	8e-323	1.7005380487800158e-19	0.9699999999999538
0.04330000000002265	8e-323	1.5386334724042282e-19	0.9699999999999538
0.04340000000002275	8e-323	1.3921434831176438e-19	0.9699999999999538
0.04350000000002285	8e-323	1.2596004911803705e-19	0.9699999999999538
0.04360000000002295	8e-323	1.13967663292057e-19	0.9699999999999538
0.04370000000002305	8e-323	1.0311704677155243e-19	0.9699999999999538
0.04380000000002315	8e-323	9.32994941524577e-20	0.9699999999999538
0.04390000000002325	8e-323	8.441664963882512e-20	0.9699999999999538
0.04400000000002335	8e-323	7.637952167885833e-20	0.9699999999999538
0.04410000000002345	8e-323	6.910759141533237e-20	0.9699999999999538
0.04420000000002355	8e-323	6.252800601853555e-20	0.9699999999999538
0.04430000000002365	8e-323	5.657484882024969e-20	0.9699999999999538
0.04440000000002375	8e-323	5.118847893670719e-20	0.9699999999999538
0.04450000000002385	8e-323	4.631493376462814e-20	0.9699999999999538
0.04460000000002395	8e-323	4.190538836432708e-20	0.9699999999999538
0.04470000000002405	8e-323	3.7915666313793344e-20	0.9699999999999538
0.04480000000002415	8e-323	3.4305797133304e-20	0.9699999999999538
0.04490000000002425	8e-323	3.103961584668946e-20	0.9699999999999538
0.04500000000002435	8e-323	2.8084400667510843e-20	0.9699999999999538
0.04510000000002445	8e-323	2.5410545180358838e-20	0.9699999999999538
0.04520000000002455	8e-323	2.2991261733066795e-20	0.9699999999999538
0.04530000000002465	8e-323	2.0802313068314754e-20	0.9699999999999538
0.04540000000002475	8e-323	1.8821769506012072e-20	0.9699999999999538
0.04550000000002485	8e-323	1.7029789243824e-20	0.9699999999999538
0.04560000000002495	8e-323	1.5408419574813462e-20	0.9699999999999538
0.04570000000002505	8e-323	1.3941417030724383e-20	0.9699999999999538
0.04580000000002515	8e-323	1.2614084649036743e-20	0.9699999999999538
0.04590000000002525	8e-323	1.1413124733476029e-20	0.9699999999999538
0.04600000000002535	8e-323	1.0326505632878352e-20	0.9699999999999538
0.04610000000002545	8e-323	9.343341203753814e-21	0.9699999999999538
0.04620000000002555	8e-323	8.453781748960402e-21	0.9699999999999538
0.04630000000002565	8e-323	7.648915339872565e-21	0.9699999999999538
0.04640000000002575	8e-323	6.920678533454282e-21	0.9699999999999538
0.04650000000002585	8e-323	6.2617755897678524e-21	0.9699999999999538
0.04660000000002595	8e-323	5.665605380610268e-21	0.9699999999999538
0.04670000000002605	8e-323	5.1261952570213434e-21	0.9699999999999538
0.04680000000002615	8e-323	4.638141213124452e-21	0.9699999999999538
0.04690000000002625	8e-323	4.19655374683946e-21	0.9699999999999538
0.04700000000002635	8e-323	3.797008875080956e-21	0.9699999999999538
0.04710000000002645	8e-323	3.4355038126943065e-21	0.9699999999999538
0.04720000000002655	8e-323	3.1084168711050163e-21	0.9699999999999538
0.04730000000002665	8e-323	2.812471174931585e-21	0.9699999999999538
0.04740000000002675	8e-323	2.544701833061765e-21	0.9699999999999538
0.04750000000002685	8e-323	2.3024262353001455e-21	0.9699999999999538
0.04760000000002695	8e-323	2.0832171770081556e-21	0.9699999999999538
0.04770000000002705	8e-323	1.8848785424893684e-21	0.9699999999999538
0.04780000000002715	8e-323	1.7054233035075135e-21	0.9699999999999538
0.04790000000002725	8e-323	1.5430536125183187e-21	0.9699999999999538
0.04800000000002735	8e-323	1.3961427911820157e-21	0.9699999999999538
0.04810000000002745	8e-323	1.2632190337109021e-21	0.9699999999999538
0.04820000000002755	8e-323	1.1429506617861924e-21	0.9699999999999538
0.04830000000002765	8e-323	1.0341327833225642e-21	0.9699999999999538
0.04840000000002775	8e-323	9.356752214231001e-22	0.9699999999999538
0.04850000000002785	8e-323	8.465915925925025e-22	0.9699999999999538
0.04860000000002795	8e-323	7.659894247901853e-22	0.9699999999999538
0.04870000000002805	8e-323	6.930612163223064e-22	0.9699999999999538
0.04880000000002815	8e-323	6.270763459974982e-22	0.9699999999999538
0.04890000000002825	8e-323	5.673737534992957e-22	0.9699999999999538
0.04900000000002835	8e-323	5.133553166445921e-22	0.9699999999999538
0.04910000000002845	8e-323	4.644798591790987e-22	0.9699999999999538
0.04920000000002855	8e-323	4.2025772907773012e-22	0.9699999999999538
0.04930000000002865	8e-323	3.8024589303337073e-22	0.9699999999999538
0.04940000000002875	8e-323	3.440434979888332e-22	0.9699999999999538
0.04950000000002885	8e-323	3.112878552458275e-22	0.9699999999999538
0.04960000000002895	8e-323	2.8165080691829376e-22	0.9699999999999538
0.04970000000002905	8e-323	2.548354383279119e-22	0.9699999999999538
0.04980000000002915	8e-323	2.305731034053747e-22	0.9699999999999538
0.04990000000002925	8e-323	2.0862073329682008e-22	0.9699999999999538
0.05000000000002935	8e-323	1.8875840121206633e-22	0.9699999999999538
0.05010000000002945	8e-323	1.7078711911841647e-22	0.9699999999999538
0.05020000000002955	8e-323	1.5452684420651681e-22	0.9699999999999538
0.05030000000002965	8e-323	1.3981467515631994e-22	0.9699999999999538
0.05040000000002975	8e-323	1.2650322013269239e-22	0.9699999999999538
0.05050000000002985	8e-323	1.1445912016065677e-22	0.9699999999999538
0.05060000000002995	8e-323	1.0356171308690676e-22	0.9699999999999538
0.05070000000003005	8e-323	9.370182474267627e-23	0.9699999999999538
0.05080000000003015	8e-323	8.478067519739855e-23	0.9699999999999538
0.05090000000003025	8e-323	7.67088891456042e-23	0.9699999999999538
0.05100000000003035	8e-323	6.940560051275873e-23	0.9699999999999538
0.05110000000003045	8e-323	6.279764230965538e-23	0.9699999999999538
0.05120000000003055	8e-323	5.681881361903183e-23	0.9699999999999538
0.05130000000003065	8e-323	5.140921637081744e-23	0.9699999999999538
0.05140000000003075	8e-323	4.6514655261585153e-23	0.9699999999999538
0.05150000000003085	8e-323	4.208609480638363e-23	0.9699999999999538
0.05160000000003095	8e-323	3.8079168083498953e-23	0.9699999999999538
0.05170000000003105	8e-323	3.4453732250572846e-23	0.9699999999999538
0.05180000000003115	8e-323	3.1173466379076634e-23	0.9699999999999538
0.05190000000003125	8e-323	2.8205507578101773e-23	0.9699999999999538
0.05200000000003135	8e-323	2.5520121762022697e-23	0.9699999999999538
0.05210000000003145	8e-323	2.3090405763663807e-23	0.9699999999999538
0.05220000000003155	8e-323	2.0892017808632138e-23	0.9699999999999538
0.05230000000003165	8e-323	1.8902933650610124e-23	0.9699999999999538
0.05240000000003175	8e-323	1.7103225924483508e-23	0.9699999999999538
0.05250000000003185	8e-323	1.5474864506784292e-23	0.9699999999999538
0.05260000000003195	8e-323	1.4001535883387093e-23	0.9699999999999538
0.05270000000003205	8e-323	1.2668479714819456e-23	0.9699999999999538
0.05280000000003215	8e-323	1.146234096183797e-23	0.9699999999999538
0.05290000000003225	8e-323	1.0371036089810791e-23	0.9699999999999538
0.05300000000003235	8e-323	9.38363201149367e-24	0.9699999999999538
0.05310000000003245	8e-323	8.49023655540429e-24	0.9699999999999538
0.05320000000003255	8e-323	7.681899362467547e-24	0.9699999999999538
0.05330000000003265	8e-323	6.950522218078444e-24	0.9699999999999538
0.05340000000003275	8e-323	6.2887779212567366e-24	0.9699999999999538
0.05350000000003285	8e-323	5.6900368780951705e-24	0.9699999999999538
0.05360000000003295	8e-323	5.1483006840879175e-24	0.9699999999999538
0.05370000000003305	8e-323	4.658142029942888e-24	0.9699999999999538
0.05380000000003315	8e-323	4.2146503288326375e-24	0.9699999999999538
0.05390000000003325	8e-323	3.8133825203579844e-24	0.9699999999999538
0.05400000000003335	8e-323	3.4503185583605835e-24	0.9699999999999538
0.05410000000003345	8e-323	3.1218211366453488e-24	0.9699999999999538
0.05420000000003355	8e-323	2.8245992491303077e-24	0.9699999999999538
0.05430000000003365	8e-323	2.5556752193563816e-24	0.9699999999999538
0.05440000000003375	8e-323	2.312354869046762e-24	0.9699999999999538
0.05450000000003385	8e-323	2.0922005268536607e-24	0.9699999999999538
0.05460000000003395	8e-323	1.8930066068843563e-24	0.9699999999999538
0.05470000000003405	8e-323	1.7127775123433323e-24	0.9699999999999538
0.05480000000003415	8e-323	1.549707642921202e-24	0.9699999999999538
0.05490000000003425	8e-323	1.402163305637199e-24	0.9699999999999538
0.05500000000003435	8e-323	1.2686663479115372e-24	0.9699999999999538
0.05510000000003445	8e-323	1.1478793488977875e-24	0.9699999999999538
0.05520000000003455	8e-323	1.0385922207167157e-24	0.9699999999999538
0.05530000000003465	8e-323	9.397100853578722e-25	0.9699999999999538
0.05540000000003475	8e-323	8.502423057953555e-25	0.9699999999999538
0.05550000000003485	8e-323	7.692925614274906e-25	0.9699999999999538
0.05560000000003495	8e-323	6.960498684125841e-25	0.9699999999999538
0.05570000000003505	8e-323	6.297804549392366e-25	0.9699999999999538
0.05580000000003515	8e-323	5.698204100347207e-25	0.9699999999999538
0.05590000000003525	8e-323	5.155690322645287e-25	0.9699999999999538
0.05600000000003535	8e-323	4.664828116879598e-25	0.9699999999999538
0.05610000000003545	8e-323	4.220699847787895e-25	0.9699999999999538
0.05620000000003555	8e-323	3.818856077602516e-25	0.9699999999999538
0.05630000000003565	8e-323	3.4552709899722172e-25	0.9699999999999538
0.05640000000003575	8e-323	3.12630205787667e-25	0.9699999999999538
0.05650000000003585	8e-323	2.8286535514722387e-25	0.9699999999999538
0.05660000000003595	8e-323	2.5593435202773846e-25	0.9699999999999538
0.05670000000003605	8e-323	2.3156739189133337e-25	0.9699999999999538
0.05680000000003615	8e-323	2.0952035771088094e-25	0.9699999999999538
0.05690000000003625	8e-323	1.8957237431726032e-25	0.9699999999999538
0.05700000000003635	8e-323	1.7152359559195772e-25	0.9699999999999538
0.05710000000003645	8e-323	1.5519320233631098e-25	0.9699999999999538
0.05720000000003655	8e-323	1.4041759075932309e-25	0.9699999999999538
0.05730000000003665	8e-323	1.2704873343566206e-25	0.9699999999999538
0.05740000000003675	8e-323	1.1495269631333e-25	0.9699999999999538
0.05750000000003685	8e-323	1.0400829691384796e-25	0.9699999999999538
0.05760000000003695	8e-323	9.410589028232069e-26	0.9699999999999538
0.05770000000003705	8e-323	8.514627052458809e-26	0.9699999999999538
0.05780000000003715	8e-323	7.703967692666677e-26	0.9699999999999538
0.05790000000003725	8e-323	6.970489469942524e-26	0.9699999999999538
0.05800000000003735	8e-323	6.306844133942795e-26	0.9699999999999538
0.05810000000003745	8e-323	5.7063830454616e-26	0.9699999999999538
0.05820000000003755	8e-323	5.1630905679564663e-26	0.9699999999999538
0.05830000000003765	8e-323	4.671523800723872e-26	0.9699999999999538
0.05840000000003775	8e-323	4.226758049949746e-26	0.9699999999999538
0.05850000000003785	8e-323	3.8243374913441865e-26	0.9699999999999538
0.05860000000003795	8e-323	3.4602305300807595e-26	0.9699999999999538
0.05870000000003805	8e-323	3.130789410820182e-26	0.9699999999999538
0.05880000000003815	8e-323	2.832713673176855e-26	0.9699999999999538
0.05890000000003825	8e-323	2.5630170865120464e-26	0.9699999999999538
0.05900000000003835	8e-323	2.3189977327943567e-26	0.9699999999999538
0.05910000000003845	8e-323	2.0982109378068313e-26	0.9699999999999538
0.05920000000003855	8e-323	1.8984447795157112e-26	0.9699999999999538
0.05930000000003865	8e-323	1.717697928234833e-26	0.9699999999999538
0.05940000000003875	8e-323	1.554159596580364e-26	0.9699999999999538
0.05950000000003885	8e-323	1.4061913983473221e-26	0.9699999999999538
0.05960000000003895	8e-323	1.2723109345635034e-26	0.9699999999999538
0.05970000000003905	8e-323	1.151176942279962e-26	0.9699999999999538
0.05980000000003915	8e-323	1.0415758573132812e-26	0.9699999999999538
0.05990000000003925	8e-323	9.424096563202852e-27	0.9699999999999538
0.06000000000003935	8e-323	8.526848564027235e-27	0.9699999999999538
0.06010000000003945	8e-323	7.715025620359654e-27	0.9699999999999538
0.06020000000003955	8e-323	6.980494596082486e-27	0.9699999999999538
0.06030000000003965	8e-323	6.315896693505116e-27	0.9699999999999538
0.06040000000003975	8e-323	5.71457373026487e-27	0.9699999999999538
0.06050000000003985	8e-323	5.170501435245949e-27	0.9699999999999538
0.06060000000003995	8e-323	4.678229095250699e-27	0.9699999999999538
0.06070000000004005	8e-323	4.232824947781701e-27	0.9699999999999538
0.06080000000004015	8e-323	3.829826772859879e-27	0.9699999999999538
0.06090000000004025	8e-323	3.465197188889458e-27	0.9699999999999538
0.06100000000004035	8e-323	3.135283204707684e-27	0.9699999999999538
0.06110000000004045	8e-323	2.836779622597016e-27	0.9699999999999538
0.06120000000004055	8e-323	2.566695925617972e-27	0.9699999999999538
0.06130000000004065	8e-323	2.3223263175278938e-27	0.9699999999999538
0.06140000000004075	8e-323	2.101222615134736e-27	0.9699999999999538
0.06150000000004085	8e-323	1.9011697215116388e-27	0.9699999999999538
0.06160000000004095	8e-323	1.7201634343540882e-27	0.9699999999999538
0.06170000000004105	8e-323	1.5563903671557275e-27	0.9699999999999538
0.06180000000004115	8e-323	1.4082097820459244e-27	0.9699999999999538
0.06190000000004125	8e-323	1.2741371522838603e-27	0.9699999999999538
0.06200000000004135	8e-323	1.1528292897322601e-27	0.9699999999999538
0.06210000000004145	8e-323	1.0430708883124241e-27	0.9699999999999538
0.06220000000004155	8e-323	9.437623486280017e-28	0.9699999999999538
0.06230000000004165	8e-323	8.539087617802073e-28	0.9699999999999538
0.06240000000004175	8e-323	7.726099420103222e-28	0.9699999999999538
0.06250000000004184	8e-323	6.990514083129175e-28	0.9699999999999538
0.06260000000004194	8e-323	6.324962246703068e-28	0.9699999999999538
0.06270000000004204	8e-323	5.7227761716076185e-28	0.9699999999999538
0.06280000000004214	8e-323	5.177922939760028e-28	0.9699999999999538
0.06290000000004224	8e-323	4.6849440142548e-28	0.9699999999999538
0.06300000000004234	8e-323	4.23890055376512e-28	0.9699999999999538
0.06310000000004244	8e-323	3.8353239334426325e-28	0.9699999999999538
0.06320000000004254	8e-323	3.470170976616157e-28	0.9699999999999538
0.06330000000004264	8e-323	3.1397834487842117e-28	0.9699999999999538
0.06340000000004274	8e-323	2.8408514080975523e-28	0.9699999999999538
0.06350000000004284	8e-323	2.5703800451635844e-28	0.9699999999999538
0.06360000000004294	8e-323	2.325659679961793e-28	0.9699999999999538
0.06370000000004304	8e-323	2.104238615288415e-28	0.9699999999999538
0.06380000000004314	8e-323	1.903898574766382e-28	0.9699999999999538
0.06390000000004324	8e-323	1.7226324793496052e-28	0.9699999999999538
0.06400000000004334	8e-323	1.5586243396785414e-28	0.9699999999999538
0.06410000000004344	8e-323	1.4102310628414346e-28	0.9699999999999538
0.06420000000004354	8e-323	1.27596599127475e-28	0.9699999999999538
0.06430000000004364	8e-323	1.1544840088895535e-28	0.9699999999999538
0.06440000000004374	8e-323	1.044568065211622e-28	0.9699999999999538
0.06450000000004384	8e-323	9.451169825292355e-29	0.9699999999999538
0.06460000000004394	8e-323	8.551344238962572e-29	0.9699999999999538
0.06470000000004404	8e-323	7.737189114679394e-29	0.9699999999999538
0.06480000000004414	8e-323	7.000547951695589e-29	0.9699999999999538
0.06490000000004424	8e-323	6.33404081218713e-29	0.9699999999999538
0.06500000000004434	8e-323	5.73099038636466e-29	0.9699999999999538
0.06510000000004444	8e-323	5.1853550967669e-29	0.9699999999999538
0.06520000000004454	8e-323	4.6916685715507364e-29	0.9699999999999538
0.06530000000004464	8e-323	4.2449848803993003e-29	0.9699999999999538
0.06540000000004474	8e-323	3.840828984401713e-29	0.9699999999999538
0.06550000000004484	8e-323	3.475151903493389e-29	0.9699999999999538
0.06560000000004494	8e-323	3.144290152308075e-29	0.9699999999999538
0.06570000000004504	8e-323	2.844929038055316e-29	0.9699999999999538
0.06580000000004514	8e-323	2.5740694527282115e-29	0.9699999999999538
0.06590000000004524	8e-323	2.328997826953769e-29	0.9699999999999538
0.06600000000004534	8e-323	2.107258944472663e-29	0.9699999999999538
0.06610000000004544	8e-323	1.9066313448939888e-29	0.9699999999999538
0.06620000000004554	8e-323	1.7251050683009322e-29	0.9699999999999538
0.06630000000004564	8e-323	1.5608615187447416e-29	0.9699999999999538
0.06640000000004574	8e-323	1.4122552448922185e-29	0.9699999999999538
0.06650000000004584	8e-323	1.277797455298628e-29	0.9699999999999538
0.06660000000004594	8e-323	1.1561411031560792e-29	0.9699999999999538
0.06670000000004604	8e-323	1.046067391091001e-29	0.9699999999999538
0.06680000000004614	8e-323	9.464735608108631e-30	0.9699999999999538
0.06690000000004624	8e-323	8.563618452724184e-30	0.9699999999999538
0.06700000000004634	8e-323	7.748294726902893e-30	0.9699999999999538
0.06710000000004644	8e-323	7.010596222424297e-30	0.9699999999999538
0.06720000000004654	8e-323	6.343132408634535e-30	0.9699999999999538
0.06730000000004664	8e-323	5.7392163914349896e-30	0.9699999999999538
0.06740000000004674	8e-323	5.1927979215566586e-30	0.9699999999999538
0.06750000000004684	8e-323	4.698402780972852e-30	0.9699999999999538
0.06760000000004694	8e-323	4.251077940201449e-30	0.9699999999999538
0.06770000000004704	8e-323	3.8463419370625914e-30	0.9699999999999538
0.06780000000004714	8e-323	3.480139979768363e-30	0.9699999999999538
0.06790000000004724	8e-323	3.148803324550879e-30	0.9699999999999538
0.06800000000004734	8e-323	2.8490125208591768e-30	0.9699999999999538
0.06810000000004744	8e-323	2.577764155902016e-30	0.9699999999999538
0.06820000000004754	8e-323	2.3323407653713417e-30	0.9699999999999538
0.06830000000004764	8e-323	2.110283608901169e-30	0.9699999999999538
0.06840000000004774	8e-323	1.9093680375165555e-30	0.9699999999999538
0.06850000000004784	8e-323	1.7275812062948945e-30	0.9699999999999538
0.06860000000004794	8e-323	1.5631019089568484e-30	0.9699999999999538
0.06870000000004804	8e-323	1.4142823323626036e-30	0.9699999999999538
0.06880000000004814	8e-323	1.2796315481233442e-30	0.9699999999999538
0.06890000000004824	8e-323	1.1578005759409599e-30	0.9699999999999538
0.06900000000004834	8e-323	1.0475688690351108e-30	0.9699999999999538
0.06910000000004844	8e-323	9.478320862637572e-31	0.9699999999999538
0.06920000000004854	8e-323	8.575910284338506e-31	0.9699999999999538
0.06930000000004864	8e-323	7.759416279621176e-31	0.9699999999999538
0.06940000000004874	8e-323	7.02065891598751e-31	0.9699999999999538
0.06950000000004884	8e-323	6.3522370547493425e-31	0.9699999999999538
0.06960000000004894	8e-323	5.747454203741922e-31	0.9699999999999538
0.06970000000004904	8e-323	5.200251429441371e-31	0.9699999999999538
0.06980000000004914	8e-323	4.705146656375391e-31	0.9699999999999538
0.06990000000004924	8e-323	4.257179745706779e-31	0.9699999999999538
0.07000000000004934	8e-323	3.8518628027670293e-31	0.9699999999999538
0.07010000000004944	8e-323	3.48513521570301e-31	0.9699999999999538
0.07020000000004954	8e-323	3.1533229747975268e-31	0.9699999999999538
0.07030000000004964	8e-323	2.8531018649100416e-31	0.9699999999999538
0.07040000000004974	8e-323	2.581464162286083e-31	0.9699999999999538
0.07050000000004984	8e-323	2.3356885020919183e-31	0.9699999999999538
0.07060000000004994	8e-323	2.113312614796552e-31	0.9699999999999538
0.07070000000005004	8e-323	1.912108658264258e-31	0.9699999999999538
0.07080000000005014	8e-323	1.7300608984256314e-31	0.9699999999999538
0.07090000000005024	8e-323	1.5653455149240001e-31	0.9699999999999538
0.07100000000005034	8e-323	1.4163123294229007e-31	0.9699999999999538
0.07110000000005044	8e-323	1.281468273522164e-31	0.9699999999999538
0.07120000000005054	8e-323	1.1594624306582176e-31	0.9699999999999538
0.07130000000005064	8e-323	1.0490725021329285e-31	0.9699999999999538
0.07140000000005074	8e-323	9.491925616828027e-32	0.9699999999999538
0.07150000000005084	8e-323	8.588219759093449e-32	0.9699999999999538
0.07160000000005094	8e-323	7.770553795714541e-32	0.9699999999999538
0.07170000000005104	8e-323	7.030736053087139e-32	0.9699999999999538
0.07180000000005114	8e-323	6.361354769262474e-32	0.9699999999999538
0.07190000000005124	8e-323	5.755703840233029e-32	0.9699999999999538
0.07200000000005134	8e-323	5.207715635755058e-32	0.9699999999999538
0.07210000000005144	8e-323	4.71190021163245e-32	0.9699999999999538
0.07220000000005154	8e-323	4.263290309468463e-32	0.9699999999999538
0.07230000000005164	8e-323	3.857391592873041e-32	0.9699999999999538
0.07240000000005174	8e-323	3.4901376215739675e-32	0.9699999999999538
0.07250000000005184	8e-323	3.157849112346247e-32	0.9699999999999538
0.07260000000005194	8e-323	2.857197078620881e-32	0.9699999999999538
0.07270000000005204	8e-323	2.585169479492405e-32	0.9699999999999538
0.07280000000005214	8e-323	2.3390410440027625e-32	0.9699999999999538
0.07290000000005224	8e-323	2.1163459683903512e-32	0.9699999999999538
0.07300000000005234	8e-323	1.914853212775349e-32	0.9699999999999538
0.07310000000005244	8e-323	1.7325441497945925e-32	0.9699999999999538
0.07320000000005254	8e-323	1.5675923412619452e-32	0.9699999999999538
0.07330000000005264	8e-323	1.418345240249402e-32	0.9699999999999538
0.07340000000005274	8e-323	1.2833076352737667e-32	0.9699999999999538
0.07350000000005284	8e-323	1.1611266707267677e-32	0.9699999999999538
0.07360000000005294	8e-323	1.0505782934778648e-32	0.9699999999999538
0.07370000000005304	8e-323	9.505549898668936e-33	0.9699999999999538
0.07380000000005314	8e-323	8.600546902313161e-33	0.9699999999999538
0.07390000000005324	8e-323	7.78170729809609e-33	0.9699999999999538
0.07400000000005334	8e-323	7.040827654454776e-33	0.9699999999999538
0.07410000000005344	8e-323	6.370485570931714e-33	0.9699999999999538
0.07420000000005354	8e-323	5.7639653178802105e-33	0.9699999999999538
0.07430000000005364	8e-323	5.2151905558537874e-33	0.9699999999999538
0.07440000000005374	8e-323	4.718663460638088e-33	0.9699999999999538
0.07450000000005384	8e-323	4.269409644057742e-33	0.9699999999999538
0.07460000000005394	8e-323	3.862928318754983e-33	0.9699999999999538
0.07470000000005404	8e-323	3.4951472076726723e-33	0.9699999999999538
0.07480000000005414	8e-323	3.1623817465086436e-33	0.9699999999999538
0.07490000000005424	8e-323	2.861298170416757e-33	0.9699999999999538
0.07500000000005434	8e-323	2.5888801151439053e-33	0.9699999999999538
0.07510000000005444	8e-323	2.3423983980010404e-33	0.9699999999999538
0.07520000000005454	8e-323	2.1193836759230727e-33	0.9699999999999538
0.07530000000005464	8e-323	1.9176017066961804e-33	0.9699999999999538
0.07540000000005474	8e-323	1.73503096551055e-33	0.9699999999999538
0.07550000000005484	8e-323	1.569842392593063e-33	0.9699999999999538
0.07560000000005494	8e-323	1.4203810690244e-33	0.9699999999999538
0.07570000000005504	8e-323	1.285149637162252e-33	0.9699999999999538
0.07580000000005514	8e-323	1.1627932995704382e-33	0.9699999999999538
0.07590000000005524	8e-323	1.0520862461677712e-33	0.9699999999999538
0.07600000000005534	8e-323	9.519193736189405e-34	0.9699999999999538
0.07610000000005544	8e-323	8.612891739358183e-34	0.9699999999999538
0.07620000000005554	8e-323	7.79287680971182e-34	0.9699999999999538
0.07630000000005564	8e-323	7.0509337408517895e-34	0.9699999999999538
0.07640000000005574	8e-323	6.379629478541789e-34	0.9699999999999538
0.07650000000005584	8e-323	5.772238653679738e-34	0.9699999999999538
0.07660000000005594	8e-323	5.22267620511564e-34	0.9699999999999538
0.07670000000005604	8e-323	4.725436417306257e-34	0.9699999999999538
0.07680000000005614	8e-323	4.275537762063836e-34	0.9699999999999538
0.07690000000005624	8e-323	3.868472991803482e-34	0.9699999999999538
0.07700000000005634	8e-323	3.500163984305266e-34	0.9699999999999538
0.07710000000005644	8e-323	3.1669208866096384e-34	0.9699999999999538
0.07720000000005654	8e-323	2.8654051487347836e-34	0.9699999999999538
0.07730000000005664	8e-323	2.592596076874421e-34	0.9699999999999538
0.07740000000005674	8e-323	2.345760570993785e-34	0.9699999999999538
0.07750000000005684	8e-323	2.1224257436441487e-34	0.9699999999999538
0.07760000000005694	8e-323	1.9203541456812003e-34	0.9699999999999538
0.07770000000005704	8e-323	1.7375213506896054e-34	0.9699999999999538
0.07780000000005714	8e-323	1.572095673546361e-34	0.9699999999999538
0.07790000000005724	8e-323	1.4224198199361854e-34	0.9699999999999538
0.07800000000005734	8e-323	1.286994282977156e-34	0.9699999999999538
0.07810000000005744	8e-323	1.1644623206179683e-34	0.9699999999999538
0.07820000000005754	8e-323	1.0535963633049439e-34	0.9699999999999538
0.07830000000005764	8e-323	9.532857157458755e-35	0.9699999999999538
0.07840000000005774	8e-323	8.625254295625399e-35	0.9699999999999538
0.07850000000005784	8e-323	7.804062353540646e-35	0.9699999999999538
0.07860000000005794	8e-323	7.061054333069308e-35	0.9699999999999538
0.07870000000005804	8e-323	6.388786510904343e-35	0.9699999999999538
0.07880000000005814	8e-323	5.780523864652243e-35	0.9699999999999538
0.07890000000005824	8e-323	5.230172598940738e-35	0.9699999999999538
0.07900000000005834	8e-323	4.732219095570876e-35	0.9699999999999538
0.07910000000005844	8e-323	4.281674676094067e-35	0.9699999999999538
0.07920000000005854	8e-323	3.8740256234255447e-35	0.9699999999999538
0.07930000000005864	8e-323	3.505187961792723e-35	0.9699999999999538
0.07940000000005874	8e-323	3.171466541987561e-35	0.9699999999999538
0.07950000000005884	8e-323	2.869518022024215e-35	0.9699999999999538
0.07960000000005894	8e-323	2.5963173723287716e-35	0.9699999999999538
0.07970000000005904	8e-323	2.3491275698979733e-35	0.9699999999999538
0.07980000000005914	8e-323	2.1254721778119968e-35	0.9699999999999538
0.07990000000005924	8e-323	1.9231105353929682e-35	0.9699999999999538
0.08000000000005934	8e-323	1.7400153104551989e-35	0.9699999999999538
0.08010000000005944	8e-323	1.5743521887574877e-35	0.9699999999999538
0.08020000000005954	8e-323	1.4244614971790546e-35	0.9699999999999538
0.08030000000005964	8e-323	1.2888415765134448e-35	0.9699999999999538
0.08040000000005974	8e-323	1.1661337373030167e-35	0.9699999999999538
0.08050000000005984	8e-323	1.055108647996131e-35	0.9699999999999538
0.08060000000005994	8e-323	9.546540190586619e-36	0.9699999999999538
0.08070000000006004	8e-323	8.637634596548187e-36	0.9699999999999538
0.08080000000006014	8e-323	7.815263952594495e-36	0.9699999999999538
0.08090000000006024	8e-323	7.071189451928352e-36	0.9699999999999538
0.08100000000006034	8e-323	6.397956686858064e-36	0.9699999999999538
0.08110000000006044	8e-323	5.788820967842818e-36	0.9699999999999538
0.08120000000006054	8e-323	5.237679752751364e-36	0.9699999999999538
0.08130000000006064	8e-323	4.739011509385907e-36	0.9699999999999538
0.08140000000006074	8e-323	4.2878203987738555e-36	0.9699999999999538
0.08150000000006084	8e-323	3.87958622504456e-36	0.9699999999999538
0.08160000000006094	8e-323	3.510219150470837e-36	0.9699999999999538
0.08170000000006104	8e-323	3.176018721994165e-36	0.9699999999999538
0.08180000000006114	8e-323	2.8736367987464406e-36	0.9699999999999538
0.08190000000006124	8e-323	2.6000440091627576e-36	0.9699999999999538
0.08200000000006134	8e-323	2.3524994016405066e-36	0.9699999999999538
0.08210000000006144	8e-323	2.12852298469403e-36	0.9699999999999538
0.08220000000006154	8e-323	1.9258708815021912e-36	0.9699999999999538
0.08230000000006164	8e-323	1.7425128499381373e-36	0.9699999999999538
0.08240000000006174	8e-323	1.5766119428687575e-36	0.9699999999999538
0.08250000000006184	8e-323	1.4265061049533395e-36	0.9699999999999538
0.08260000000006194	8e-323	1.290691521571546e-36	0.9699999999999538
0.08270000000006204	8e-323	1.167807553064178e-36	0.9699999999999538
0.08280000000006214	8e-323	1.056623103352545e-36	0.9699999999999538
0.08290000000006224	8e-323	9.560242863723e-37	0.9699999999999538
0.08300000000006234	8e-323	8.650032667596449e-37	0.9699999999999538
0.08310000000006244	8e-323	7.826481629918314e-37	0.9699999999999538
0.08320000000006254	8e-323	7.081339118279789e-37	0.9699999999999538
0.08330000000006264	8e-323	6.4071400252686685e-37	0.9699999999999538
0.08340000000006274	8e-323	5.797129980321019e-37	0.9699999999999538
0.08350000000006284	8e-323	5.24519768199191e-37	0.9699999999999538
0.08360000000006294	8e-323	4.7458136727253106e-37	0.9699999999999538
0.08370000000006304	8e-323	4.293974942746731e-37	0.9699999999999538
0.08380000000006314	8e-323	3.885154808100279e-37	0.9699999999999538
0.08390000000006324	8e-323	3.5152575606902017e-37	0.9699999999999538
0.08400000000006334	8e-323	3.1805774359945875e-37	0.9699999999999538
0.08410000000006344	8e-323	2.877761487374958e-37	0.9699999999999538
0.08420000000006354	8e-323	2.6037759950431285e-37	0.9699999999999538
0.08430000000006364	8e-323	2.3558760731582084e-37	0.9699999999999538
0.08440000000006374	8e-323	2.1315781705666283e-37	0.9699999999999538
0.08450000000006384	8e-323	1.9286351896876917e-37	0.9699999999999538
0.08460000000006394	8e-323	1.7450139742765816e-37	0.9699999999999538
0.08470000000006404	8e-323	1.578874940529135e-37	0.9699999999999538
0.08480000000006414	8e-323	1.428553647465386e-37	0.9699999999999538
0.08490000000006424	8e-323	1.2925441219573265e-37	0.9699999999999538
0.08500000000006434	8e-323	1.1694837713449732e-37	0.9699999999999538
0.08510000000006444	8e-323	1.058139732489857e-37	0.9699999999999538
0.08520000000006454	8e-323	9.57396520505824e-38	0.9699999999999538
0.08530000000006464	8e-323	8.662448534276586e-38	0.9699999999999538
0.08540000000006474	8e-323	7.837715408590117e-38	0.9699999999999538
0.08550000000006484	8e-323	7.091503353004447e-38	0.9699999999999538
0.08560000000006494	8e-323	6.416336545028963e-38	0.9699999999999538
0.08570000000006504	8e-323	5.805450919180909e-38	0.9699999999999538
0.08580000000006514	8e-323	5.252726402128951e-38	0.9699999999999538
0.08590000000006524	8e-323	4.752625599583124e-38	0.9699999999999538
0.08600000000006534	8e-323	4.300138320674398e-38	0.9699999999999538
0.08610000000006544	8e-323	3.890731384048927e-38	0.9699999999999538
0.08620000000006554	8e-323	3.520303202816323e-38	0.9699999999999538
0.08630000000006564	8e-323	3.1851426933674467e-38	0.9699999999999538
0.08640000000006574	8e-323	2.881892096395473e-38	0.9699999999999538
0.08650000000006584	8e-323	2.6075133376476886e-38	0.9699999999999538
0.08660000000006594	8e-323	2.359257591397886e-38	0.9699999999999538
0.08670000000006604	8e-323	2.134637741715212e-38	0.9699999999999538
0.08680000000006614	8e-323	1.931403465636466e-38	0.9699999999999538
0.08690000000006624	8e-323	1.7475186886160766e-38	0.9699999999999538
0.08700000000006634	8e-323	1.581141186394273e-38	0.9699999999999538
0.08710000000006644	8e-323	1.4306041289275915e-38	0.9699999999999538
0.08720000000006654	8e-323	1.2943993814821329e-38	0.9699999999999538
0.08730000000006664	8e-323	1.1711623955938762e-38	0.9699999999999538
0.08740000000006674	8e-323	1.0596585385282189e-38	0.9699999999999538
0.08750000000006684	8e-323	9.587707242823222e-39	0.9699999999999538
0.08760000000006694	8e-323	8.674882222131682e-39	0.9699999999999538
0.08770000000006704	8e-323	7.848965311721064e-39	0.9699999999999538
0.08780000000006714	8e-323	7.101682177013125e-39	0.9699999999999538
0.08790000000006724	8e-323	6.425546265058863e-39	0.9699999999999538
0.08800000000006734	8e-323	5.813783801541078e-39	0.9699999999999538
0.08810000000006744	8e-323	5.2602659286512516e-39	0.9699999999999538
0.08820000000006754	8e-323	4.7594473039734567e-39	0.9699999999999538
0.08830000000006764	8e-323	4.306310545236698e-39	0.9699999999999538
0.08840000000006774	8e-323	3.896315964363122e-39	0.9699999999999538
0.08850000000006784	8e-323	3.525356087229531e-39	0.9699999999999538
0.08860000000006794	8e-323	3.1897145035047885e-39	0.9699999999999538
0.08870000000006804	8e-323	2.8860286343058365e-39	0.9699999999999538
0.08880000000006814	8e-323	2.611256044665222e-39	0.9699999999999538
0.08890000000006824	8e-323	2.362643963316297e-39	0.9699999999999538
0.08900000000006834	8e-323	2.137701704434194e-39	0.9699999999999538
0.08910000000006844	8e-323	1.9341757150436485e-39	0.9699999999999538
0.08920000000006854	8e-323	1.7500269981095385e-39	0.9699999999999538
0.08930000000006864	8e-323	1.583410685126487e-39	0.9699999999999538
0.08940000000006874	8e-323	1.4326575535583838e-39	0.9699999999999538
0.08950000000006884	8e-323	1.2962573039627629e-39	0.9699999999999538
0.08960000000006894	8e-323	1.1728434292642962e-39	0.9699999999999538
0.08970000000006904	8e-323	1.0611795245922482e-39	0.9699999999999538
0.08980000000006914	8e-323	9.601469005289255e-40	0.9699999999999538
0.08990000000006924	8e-323	8.687333756741393e-40	0.9699999999999538
0.09000000000006934	8e-323	7.860231362455448e-40	0.9699999999999538
0.09010000000006944	8e-323	7.11187561124658e-40	0.9699999999999538
0.09020000000006954	8e-323	6.434769204305421e-40	0.9699999999999538
0.09030000000006964	8e-323	5.822128644544676e-40	0.9699999999999538
0.09040000000006974	8e-323	5.2678162770698066e-40	0.9699999999999538
0.09050000000006984	8e-323	4.7662787999305334e-40	0.9699999999999538
0.09060000000006994	8e-323	4.312491629131698e-40	0.9699999999999538
0.09070000000007004	8e-323	3.901908560531968e-40	0.9699999999999538
0.09080000000007014	8e-323	3.5304162243250836e-40	0.9699999999999538
0.09090000000007024	8e-323	3.194292875812167e-40	0.9699999999999538
0.09100000000007034	8e-323	2.8901711096161146e-40	0.9699999999999538
0.09110000000007044	8e-323	2.6150041237955737e-40	0.9699999999999538
0.09120000000007054	8e-323	2.3660351958801983e-40	0.9699999999999538
0.09130000000007064	8e-323	2.140770065027051e-40	0.9699999999999538
0.09140000000007074	8e-323	1.9369519436125805e-40	0.9699999999999538
0.09150000000007084	8e-323	1.7525389079172998e-40	0.9699999999999538
0.09160000000007094	8e-323	1.5856834413948093e-40	0.9699999999999538
0.09170000000007104	8e-323	1.4347139255822653e-40	0.9699999999999538
0.09180000000007114	8e-323	1.298117893221516e-40	0.9699999999999538
0.09190000000007124	8e-323	1.174526875814619e-40	0.9699999999999538
0.09200000000007134	8e-323	1.0627026938110661e-40	0.9699999999999538
0.09210000000007144	8e-323	9.615250520768369e-41	0.9699999999999538
0.09220000000007154	8e-323	8.699803163722221e-41	0.9699999999999538
0.09230000000007164	8e-323	7.871513583970869e-41	0.9699999999999538
0.09240000000007174	8e-323	7.122083676675733e-41	0.9699999999999538
0.09250000000007184	8e-323	6.444005381742935e-41	0.9699999999999538
0.09260000000007194	8e-323	5.830485465359486e-41	0.9699999999999538
0.09270000000007204	8e-323	5.275377462917882e-41	0.9699999999999538
0.09280000000007214	8e-323	4.773120101508738e-41	0.9699999999999538
0.09290000000007224	8e-323	4.3186815850756944e-41	0.9699999999999538
0.09300000000007234	8e-323	3.907509184061071e-41	0.9699999999999538
0.09310000000007244	8e-323	3.5354836245131544e-41	0.9699999999999538
0.09320000000007254	8e-323	3.198877819708615e-41	0.9699999999999538
0.09330000000007264	8e-323	2.894319530848579e-41	0.9699999999999538
0.09340000000007274	8e-323	2.6187575827496286e-41	0.9699999999999538
0.09350000000007284	8e-323	2.3694312960663437e-41	0.9699999999999538
0.09360000000007294	8e-323	2.1438428298062861e-41	0.9699999999999538
0.09370000000007304	8e-323	1.9397321570547593e-41	0.9699999999999538
0.09380000000007314	8e-323	1.7550544232070828e-41	0.9699999999999538
0.09390000000007324	8e-323	1.5879594598749478e-41	0.9699999999999538
0.09400000000007334	8e-323	1.43677324922978e-41	0.9699999999999538
0.09410000000007344	8e-323	1.2999811530861532e-41	0.9699999999999538
0.09420000000007354	8e-323	1.1762127387081766e-41	0.9699999999999538
0.09430000000007364	8e-323	1.064228049318267e-41	0.9699999999999538
0.09440000000007374	8e-323	9.62905181761309e-42	0.9699999999999538
0.09450000000007384	8e-323	8.712290468727314e-42	0.9699999999999538
0.09460000000007394	8e-323	7.882811999478088e-42	0.9699999999999538
0.09470000000007404	8e-323	7.132306394301487e-42	0.9699999999999538
0.09480000000007414	8e-323	6.453254816372878e-42	0.9699999999999538
0.09490000000007424	8e-323	5.8388542811779e-42	0.9699999999999538
0.09500000000007434	8e-323	5.2829495017510244e-42	0.9699999999999538
0.09510000000007444	8e-323	4.779971222782611e-42	0.9699999999999538
0.09520000000007454	8e-323	4.324880425803222e-42	0.9699999999999538
0.09530000000007464	8e-323	3.913117846472552e-42	0.9699999999999538
0.09540000000007474	8e-323	3.540558298218873e-42	0.9699999999999538
0.09550000000007484	8e-323	3.2034693446267116e-42	0.9699999999999538
0.09560000000007494	8e-323	2.898473906537748e-42	0.9699999999999538
0.09570000000007504	8e-323	2.622516429249349e-42	0.9699999999999538
0.09580000000007514	8e-323	2.3728322708614955e-42	0.9699999999999538
0.09590000000007524	8e-323	2.1469200050934697e-42	0.9699999999999538
0.09600000000007534	8e-323	1.9425163610898966e-42	0.9699999999999538
0.09610000000007544	8e-323	1.7575735491540355e-42	0.9699999999999538
0.09620000000007554	8e-323	1.5902387452493416e-42	0.9699999999999538
0.09630000000007564	8e-323	1.4388355287375625e-42	0.9699999999999538
0.09640000000007574	8e-323	1.301847087389948e-42	0.9699999999999538
0.09650000000007584	8e-323	1.1779010214132796e-42	0.9699999999999538
0.09660000000007594	8e-323	1.0657555942519521e-42	0.9699999999999538
0.09670000000007604	8e-323	9.642872924216709e-43	0.9699999999999538
0.09680000000007614	8e-323	8.724795697446688e-43	0.9699999999999538
0.09690000000007624	8e-323	7.89412663222124e-43	0.9699999999999538
0.09700000000007634	8e-323	7.14254378515497e-43	0.9699999999999538
0.09710000000007644	8e-323	6.462517527224047e-43	0.9699999999999538
0.09720000000007654	8e-323	5.8472351092170265e-43	0.9699999999999538
0.09730000000007664	8e-323	5.290532409147136e-43	0.9699999999999538
0.09740000000007674	8e-323	4.786832177846901e-43	0.9699999999999538
0.09750000000007684	8e-323	4.331088164067087e-43	0.9699999999999538
0.09760000000007694	8e-323	3.918734559305034e-43	0.9699999999999538
0.09770000000007704	8e-323	3.545640255882295e-43	0.9699999999999538
0.09780000000007714	8e-323	3.2080674600125426e-43	0.9699999999999538
0.09790000000007724	8e-323	2.9026342452303706e-43	0.9699999999999538
0.09800000000007734	8e-323	2.6262806710277686e-43	0.9699999999999538
0.09810000000007744	8e-323	2.3762381272624474e-43	0.9699999999999538
0.09820000000007754	8e-323	2.150001597219249e-43	0.9699999999999538
0.09830000000007764	8e-323	1.9453045614459068e-43	0.9699999999999538
0.09840000000007774	8e-323	1.7600962909407318e-43	0.9699999999999538
0.09850000000007784	8e-323	1.5925213022071398e-43	0.9699999999999538
0.09860000000007794	8e-323	1.4409007683483186e-43	0.9699999999999538
0.09870000000007804	8e-323	1.3037156999716677e-43	0.9699999999999538
0.09880000000007814	8e-323	1.179591727403218e-43	0.9699999999999538
0.09890000000007824	8e-323	1.0672853317547282e-43	0.9699999999999538
0.09900000000007834	8e-323	9.656713869013274e-44	0.9699999999999538
0.09910000000007844	8e-323	8.737318875607256e-44	0.9699999999999538
0.09920000000007854	8e-323	7.905457505477827e-44	0.9699999999999538
0.09930000000007864	8e-323	7.152795870297467e-44	0.9699999999999538
0.09940000000007874	8e-323	6.471793533352514e-44	0.9699999999999538
0.09950000000007884	8e-323	5.85562796671864e-44	0.9699999999999538
0.09960000000007894	8e-323	5.298126200706445e-44	0.9699999999999538
0.09970000000007904	8e-323	4.793702980816585e-44	0.9699999999999538
0.09980000000007914	8e-323	4.3373048126384254e-44	0.9699999999999538
0.09990000000007924	8e-323	3.9243593341137453e-44	0.9699999999999538
