# time	A	B	C
0	1.0	0.0	0.0
9.999999999999982e-05	0.9704499023102415	0.02954859806647543	1.49962328334411e-06
0.00019999999999999955	0.941773012893957	0.05822107746289982	5.909643143465284e-06
0.0003000000000000008	0.9139435283613618	0.0860433278770171	1.3143761621065471e-05
0.0004000000000000032	0.8869364078153612	0.1130404739537397	2.3118230899518416e-05
0.0005000000000000056	0.860727350319813	0.13923689790223903	3.575177794790168e-05
0.0006000000000000081	0.8352927730336152	0.16465626143499373	5.096553139083428e-05
0.0007000000000000105	0.8106097899909223	0.18932152705853808	6.868295053931797e-05
0.0008000000000000129	0.7866561915084155	0.21325497873506524	8.88297565187239e-05
0.0009000000000000154	0.7634104242010878	0.23647824193347938	0.00011133386543195426
0.0010000000000000152	0.7408515715885658	0.25901230308793594	0.00013612532349763858
0.0011000000000000068	0.7189593352745121	0.28087752848138203	0.00016313624410500325
0.0011999999999999984	0.6977140166821866	0.3020936825710842	0.0001923007467287752
0.00129999999999999	0.6770964993297137	0.32267994577263653	0.00022355489764915671
0.0013999999999999816	0.6570882316291269	0.34265493171844896	0.0002568366524235302
0.0014999999999999731	0.6376712101936953	0.3620367040062458	0.00029208580005813046
0.0015999999999999647	0.6188279636385253	0.38084279245264474	0.00032924390882944834
0.0016999999999999563	0.600541536859852	0.39909020886644037	0.00036825427370661856
0.001799999999999948	0.5827954757788856	0.41679546235578585	0.0004090618653274803
0.0018999999999999395	0.5655738125364707	0.4339745741830466	0.0004516132804823998
0.001999999999999941	0.5488610511252484	0.45064309218068965	0.0004958566940613023
0.0020999999999999543	0.5326421534463933	0.4668161047411851	0.0005417418124206732
0.0021999999999999676	0.516902525778369	0.4825082543935017	0.000589219828128565
0.002299999999999981	0.5016280056455352	0.49773375097841743	0.0006382433760469025
0.002399999999999994	0.4868048490747912	0.5125063844344974	0.0006887664907115541
0.0025000000000000074	0.4724197182287828	0.5268395372062458	0.0007407445649718237
0.0026000000000000207	0.4584596694045539	0.540746196285594	0.0007941343098521556
0.002700000000000034	0.44491214138683527	0.5542389648975652	0.0008488937155999267
0.0028000000000000472	0.43176494414549443	0.5673300738406213	0.000904982013884282
0.0029000000000000605	0.41900624786698154	0.5800313924919058	0.000962359641111994
0.003000000000000074	0.40662457230989313	0.592354439487279	0.001020988202827351
0.003100000000000087	0.3946087764750793	0.6043103930857558	0.001080830439164021
0.0032000000000001003	0.38294804858100456	0.6159101012276768	0.0011418501913178212
0.0033000000000001136	0.3716318963353334	0.6271640912956555	0.001204012369010228
0.003400000000000127	0.36065013749399377	0.6380825795870927	0.001267282918913329
0.00350000000000014	0.34999289069922135	0.6486754805067706	0.001331628794007829
0.0036000000000001534	0.3396505665883382	0.6589524154878144	0.001397017923846537
0.0037000000000001667	0.32961385916527125	0.6689227216490315	0.0014634191856965505
0.00380000000000018	0.319873737427039	0.6785954601964261	0.0015308023765342113
0.0039000000000001932	0.31042143723768173	0.6879794245764492	0.0015991381858675997
0.0040000000000002065	0.30124845344231277	0.6970831483883236	0.0016683981693621352
0.00410000000000022	0.2923465322142037	0.7059149130625494	0.001738554723245538
0.004200000000000233	0.2837076636280121	0.7144827553125175	0.0018095810594691264
0.004300000000000246	0.27532407445247103	0.7227944743659243	0.0018814511816031053
0.00440000000000026	0.26718822115605806	0.7308576389824961	0.0019541398614441453
0.004500000000000273	0.25929278311934334	0.7386795942643407	0.0020276226163142095
0.004600000000000286	0.2516306560479176	0.7462674682650503	0.0021018756870302153
0.004700000000000299	0.24419494557996346	0.75362817840351	0.0021768760165246748
0.004800000000000313	0.23697896108273023	0.7607684376881694	0.0022526012290981097
0.004900000000000326	0.229976209632318	0.767694760757395	0.002329029610284564
0.005000000000000339	0.22318039017136257	0.7744134697413226	0.002406140087312073
0.0051000000000003525	0.21658538783936043	0.7809306999504959	0.002483912210140559
0.005200000000000366	0.2101852684705331	0.7872524053964036	0.0025623261330600154
0.005300000000000379	0.2039742732542807	0.7933843641488835	0.002641362596832512
0.005400000000000392	0.19794681355341925	0.7993321835352151	0.0027210029113618776
0.005500000000000406	0.1920974658755392	0.8051013051855814	0.0028012289388755023
0.005600000000000419	0.18642096699296193	0.8106970099294314	0.0028820230776031215
0.005700000000000432	0.18091220920690051	0.8161244225471582	0.0029633682459378817
0.005800000000000445	0.1755662357515666	0.821388516381364	0.003045247867065474
0.005900000000000459	0.17037823633408455	0.826494117811864	0.003127645854047453
0.006000000000000472	0.16534354280620353	0.8314459105984471	0.0032105465953453523
0.006100000000000485	0.16045762496390928	0.8362484400953135	0.003293934940772564
0.0062000000000004985	0.1557160864711591	0.840906117340975	0.0033777961878613586
0.006300000000000512	0.15111466090406941	0.8454232230272941	0.0034621160686327227
0.006400000000000525	0.1466492079119993	0.8498039113512401	0.0035468807367571974
0.006500000000000538	0.14231570949207403	0.8540522137528274	0.00363207675509506
0.006600000000000552	0.13811026637379603	0.8581720425425949	0.0037176910836047546
0.006700000000000565	0.13402909451049175	0.8621671944218956	0.00380371106760858
0.006800000000000578	0.13006852167443664	0.8660413538991543	0.0038901244264051547
0.006900000000000591	0.1262249841525946	0.8697980966051834	0.003976919242218376
0.007000000000000605	0.12249502353999712	0.873440892510526	0.0040640839494729365
0.007100000000000618	0.11887528362788094	0.8769731090477285	0.004151607324386754
0.007200000000000631	0.11536250738377929	0.8803980141413453	0.004239478474870953
0.0073000000000006445	0.11195353402085309	0.8837187791484145	0.004327686830728285
0.007400000000000658	0.10864529615382314	0.8869384817120315	0.004416222134141199
0.007500000000000671	0.10543481703894494	0.8900601085306099	0.004505074430441006
0.007600000000000684	0.10231920789554226	0.8930865580453043	0.004594234059149752
0.007700000000000698	0.09929566530669025	0.8960206430480193	0.0046836916452869075
0.007800000000000711	0.09636146869670793	0.8988650932123559	0.0047734380909328425
0.007900000000000648	0.09351397788319166	0.9016225575497637	0.004863464567041673
0.008000000000000574	0.09075063070138538	0.9042956067931154	0.004953762505495995
0.008100000000000501	0.08806894069875225	0.9068867357098478	0.005044323591396445
0.008200000000000427	0.08546649489767051	0.9093983653467469	0.005135139755579047
0.008300000000000354	0.08294095162424313	0.9118328452083999	0.005226203167353724
0.00840000000000028	0.08049003840126523	0.9141924553712742	0.005317506227457359
0.008500000000000207	0.0781115499034554	0.9164794085353268	0.005409041561215122
0.008600000000000134	0.07580334597310992	0.9186958520149832	0.005500802011903839
0.00870000000000006	0.07356334969439395	0.920843869671292	0.005592780634311503
0.008799999999999987	0.07138954552453869	0.9229254837869714	0.005684970688487107
0.008899999999999913	0.0692799774802611	0.9249426568860608	0.005777365633675136
0.00899999999999984	0.06723274737777503	0.9268972934997927	0.005869959122429344
0.009099999999999766	0.06524601312481092	0.9287912418802856	0.005962744994900415
0.009199999999999693	0.06331798706310549	0.9306262956635991	0.006055717273292474
0.00929999999999962	0.0614469343598718	0.9324041954836421	0.006148870156483384
0.009399999999999546	0.0596311714468014	0.9341266305383917	0.006242198014804008
0.009499999999999472	0.05786906450519364	0.935795240109832	0.00633569538497177
0.009599999999999399	0.05615902799585021	0.9374116150389731	0.006429356965173885
0.009699999999999325	0.05449952323241095	0.9389772991572904	0.006523177610295935
0.009799999999999252	0.05288905699684796	0.9404937906758586	0.0066171523272914
0.009899999999999179	0.05132618019587185	0.9419625435334386	0.006711276270688032
0.009999999999999105	0.04980948655704169	0.9433849687047304	0.006805544738227034
0.010099999999999032	0.04833761136340436	0.9447624354699637	0.006899953166631069
0.010199999999998958	0.046909230225526115	0.9460962726469756	0.006994497127497346
0.010299999999998885	0.04552305788981044	0.9473877697868766	0.007089172323312062
0.010399999999998811	0.044177847082029986	0.9486381783343868	0.007183974583582624
0.010499999999998738	0.04287238738503279	0.9498487127538822	0.0072788998610841356
0.010599999999998664	0.041605504149611894	0.9510205516221701	0.007373944228216851
0.01069999999999859	0.04037605743755921	0.9521548386889683	0.007469103873471208
0.010799999999998517	0.03918294099595202	0.9532526839060489	0.007564375097997379
0.010899999999998444	0.03802508126174958	0.9543151644259729	0.007659754312276131
0.01099999999999837	0.03690143639580387	0.9553433255713066	0.007755238032888116
0.011099999999998297	0.03581099534541545	0.9563381817752046	0.007850822879378591
0.011199999999998224	0.034752776934590925	0.9573007174941933	0.007946505571214813
0.01129999999999815	0.03372582898118338	0.9582318880939825	0.008042282924833326
0.011399999999998077	0.032729227440121286	0.959132620709103	0.008138151850774508
0.011499999999998003	0.031762075571955366	0.9600038150771419	0.008234109350901775
0.01159999999999793	0.030823503135974577	0.9608463443483207	0.008330152515703007
0.011699999999997856	0.029912665607165937	0.9616610558711607	0.00842627852167165
0.011799999999997783	0.029028743416313087	0.9624487719549195	0.008522484628765264
0.01189999999999771	0.028170941212550087	0.9632102906095084	0.00861876817793912
0.011999999999997636	0.02733848714770678	0.9639463862635382	0.008715126588752746
0.012099999999997562	0.026530632181801832	0.9646578104611493	0.008811557357047108
0.012199999999997489	0.02574664940905854	0.9653452925382494	0.008908058052690548
0.012299999999997415	0.024985833403836893	0.9660095402787704	0.009004626317391221
0.012399999999997342	0.024247499585893485	0.9666512405515314	0.009101259862574203
0.012499999999997269	0.02353098360439794	0.9672710599282801	0.009197956467321404
0.012599999999997195	0.022835640740151885	0.9678696452834755	0.009294713976372252
0.012699999999997122	0.02216084532547216	0.968447624376344	0.009391530298183523
0.012799999999997048	0.021505990181216832	0.9690056064157361	0.009488403403046458
0.012899999999996975	0.02087048607044687	0.9695441826082937	0.009585331321259606
0.012999999999996901	0.02025376116823241	0.9700639266904123	0.009682312141355521
0.013099999999996828	0.019655260547126106	0.9705653954444945	0.009779344008380004
0.013199999999996754	0.019074445677840876	0.9710491291999377	0.009876425122222112
0.01329999999999668	0.018510793944682684	0.9715156523193245	0.009973553735993493
0.013399999999996607	0.017963798175302314	0.9719654736702426	0.010070728154455689
0.013499999999996534	0.017432966184343025	0.9723990870831641	0.010167946732493863
0.01359999999999646	0.016917820330573426	0.9728169717957921	0.01026520787363562
0.013699999999996387	0.016417897087107204	0.9732195928842803	0.010362510028613697
0.013799999999996313	0.015932746624322786	0.9736074016817073	0.010459851693970925
0.01389999999999624	0.015461932405107888	0.9739808361841868	0.010557231410706578
0.013999999999996167	0.015005030792064503	0.9743403214449745	0.010654647762962736
0.014099999999996093	0.014561630666321159	0.974686269956931	0.01075209937674934
0.01419999999999602	0.014131333057609179	0.9750190820236851	0.010849584918707012
0.014299999999995946	0.013713750785270307	0.9753391461198246	0.010947103094906405
0.014399999999995873	0.013308508109872564	0.9756468392404454	0.01104465264968304
0.0144999999999958	0.012915240395120884	0.9759425272403736	0.0111422323645066
0.014599999999995726	0.012533593779758339	0.9762265651633587	0.011239841056883552
0.014699999999995652	0.012163224859162715	0.9764992975615461	0.011337477579292304
0.014799999999995579	0.011803800376351951	0.9767610588054982	0.011435140818149763
0.014899999999995505	0.011454996922120344	0.9770121733850711	0.011532829692808456
0.014999999999995432	0.011116500644035791	0.9772529562013815	0.011630543154583232
0.015099999999995358	0.010788006964036269	0.9774837128501573	0.011728280185806822
0.015199999999995285	0.010469220304371194	0.9777047398967159	0.011826039798913243
0.015299999999995212	0.010159853821641422	0.9779163251428116	0.011923821035548274
0.015399999999995138	0.009859629148698252	0.9781187478855969	0.012021622965706271
0.015499999999995065	0.009568276144169427	0.9783122791689394	0.012119444686892437
0.015599999999994991	0.009285532649386634	0.9784971820273045	0.012217285323309884
0.015699999999995048	0.009011144252495816	0.9786737117224348	0.012315144025070708
0.015799999999995148	0.00874486405953806	0.9788421159730326	0.012413019967430373
0.015899999999995248	0.008486452472295047	0.9790026351776612	0.01251091235004472
0.015999999999995348	0.008235676972699233	0.979155502631053	0.012608820396248882
0.016099999999995448	0.007992311913614677	0.979300944734029	0.012706743352357663
0.016199999999995548	0.007756138315800338	0.9794391811972147	0.012804680486986372
0.016299999999995648	0.007526943670873154	0.9795704252387363	0.012902631090391904
0.016399999999995748	0.007304521750093538	0.9796948837760742	0.013000594473833203
0.016499999999995848	0.007088672418801309	0.9798127576122491	0.01309856996895065
0.016599999999995948	0.006879201456335028	0.9799242416165024	0.013196556927163788
0.016699999999996048	0.006675920381272798	0.9800295248996412	0.013294554719086846
0.016799999999996148	0.006478646281837133	0.9801287909842019	0.013392562733961508
0.016899999999996248	0.006287201651311455	0.9802222179695829	0.013490580379106531
0.016999999999996348	0.006101414228319987	0.9803099786922974	0.013588607079383475
0.017099999999996448	0.005921116841827449	0.9803922408814946	0.013686642276678365
0.017199999999996548	0.0057461472607189725	0.9804691673098828	0.0137846854293986
0.017299999999996648	0.005576348047824988	0.9805409159401907	0.013882736011984762
0.017399999999996748	0.00541156641825966	0.9806076400673036	0.013980793514436768
0.017499999999996848	0.005251654101945469	0.9806694884562006	0.01407885744185418
0.017599999999996948	0.005096467210200159	0.9807266054758098	0.014176927313989934
0.017699999999997048	0.004945866106266092	0.9807791312289162	0.014275002664817337
0.017799999999997148	0.004799715279665463	0.9808272016782238	0.014373083042109878
0.017899999999997248	0.004657883224268321	0.9808709487686974	0.014471168007033422
0.017999999999997348	0.004520242319963699	0.9809105005462854	0.014569257133750445
0.018099999999997448	0.004386668717827393	0.9809459812731365	0.014667350009035992
0.018199999999997548	0.004257042228682989	0.9809775115394118	0.014765446231904969
0.018299999999997648	0.00413124621495598	0.9810052083717937	0.014863545413250455
0.018399999999997748	0.004009167485723584	0.9810291853387839	0.014961647175492688
0.018499999999997848	0.0038906961948658478	0.9810495526528961	0.01505975115223843
0.018599999999997948	0.003775725742226391	0.9810664172698232	0.015157856987950422
0.018699999999998048	0.003664152677693864	0.9810798829846796	0.015255964337626575
0.018799999999998148	0.003555876608117818	0.9810900505253931	0.015354072866488652
0.018899999999998248	0.0034508001069752086	0.9810970176433434	0.015452182249680138
0.018999999999998348	0.003348828626706261	0.9811008792013193	0.015550292171973078
0.019099999999998448	0.0032498704136408305	0.9811017272588742	0.015648402327483497
0.019199999999998548	0.0031538364254386875	0.9810996511551646	0.01574651241939536
0.019299999999998648	0.003060640250969455	0.9810947375893369	0.01584462215969253
0.019399999999998748	0.0029701980325601	0.9810870706985402	0.015942731268898773
0.019499999999998848	0.0028824283905400203	0.9810767321336337	0.016040839475825394
0.019599999999998948	0.0027972523500158285	0.9810638011326567	0.016138946517326346
0.019699999999999048	0.0027145932698099525	0.9810483545921281	0.01623705213806051
0.019799999999999148	0.0026343767734991067	0.9810304671362379	0.01633515609026114
0.019899999999999248	0.002556530682490578	0.9810102111839957	0.016433258133511996
0.019999999999999348	0.002480984951076113	0.9809876570143915	0.016531358034530114
0.020099999999999448	0.002407671603404991	0.9809628728296379	0.01662945556695501
0.020199999999999548	0.002336524672319516	0.9809359248165342	0.01672755051114418
0.020299999999999648	0.0022674801399979417	0.9809068772060251	0.016825642653974543
0.020399999999999748	0.002200475880351414	0.9808757923309963	0.01692373178864975
0.020499999999999848	0.0021354516031230723	0.9808427306823614	0.017021817714513263
0.020599999999999948	0.0020723487996390337	0.9808077509634915	0.017119900236866967
0.020700000000000048	0.0020111106901624467	0.9807709101430401	0.017217979166794982
0.020800000000000148	0.0019516821728032287	0.9807322635062005	0.017316054320992903
0.020900000000000248	0.0018940097739375324	0.9806918647044572	0.017414125521601907
0.021000000000000348	0.0018380416000923214	0.9806497658038568	0.017512192596047874
0.021100000000000448	0.0017837272912517516	0.9806060173318596	0.01761025537688518
0.02120000000000055	0.0017310179755433734	0.980560668322808	0.017708313701645228
0.02130000000000065	0.0016798662252633385	0.9805137663620435	0.01780636741268925
0.02140000000000075	0.0016302260142010798	0.9804653576287293	0.017904416357065682
0.02150000000000085	0.0015820526762250519	0.9804154869373991	0.01800246038637163
0.02160000000000095	0.0015353028650922568	0.9803641977782854	0.01810049935661843
0.02170000000000105	0.0014899345154454147	0.9803115323564493	0.0181985331281012
0.02180000000000115	0.0014459068049626587	0.9802575316297613	0.018296561565272332
0.02190000000000125	0.0014031801176257253	0.9802022353457521	0.018394584536618477
0.02200000000000135	0.0013617160080735588	0.980145682077381	0.018492601914541537
0.02210000000000145	0.001321477167009277	0.980087909257744	0.018590613575242797
0.02220000000000155	0.0012824273876293668	0.9800289532137559	0.018688619398610728
0.02230000000000165	0.0012445315330448965	0.9799688491988389	0.018786619268112016
0.02240000000000175	0.0012077555046654347	0.9799076314246441	0.018884613070685848
0.02250000000000185	0.0011720662115172272	0.9798453330918366	0.018982600696641188
0.02260000000000195	0.0011374315404680275	0.9797819864199702	0.019080582039557367
0.02270000000000205	0.0011038203273317844	0.9797176226764767	0.019178556996187278
0.02280000000000215	0.0010712023288271895	0.9796522722048043	0.01927652546636372
0.02290000000000225	0.0010395481953648486	0.9795859644517222	0.019374487352908278
0.02300000000000235	0.001008829444638605	0.9795187279938133	0.0194724425615431
0.02310000000000245	0.0009790184359972289	0.9794505905631924	0.019570391000805095
0.02320000000000255	0.0009500883455734356	0.9793815790724578	0.019668332581962846
0.02330000000000265	0.0009220131421478389	0.9793117196389102	0.019766267218935787
0.02340000000000275	0.0008947675637261286	0.9792410376080518	0.019864194828215925
0.02350000000000285	0.0008683270948083942	0.979169557576394	0.01996211532879179
0.02360000000000295	0.0008426679443301419	0.9790973034135899	0.020060028642074724
0.02370000000000305	0.0008177670242551576	0.9790242982839125	0.02015793469182717
0.02380000000000315	0.0007936019288009544	0.9789505646671007	0.020255833404093336
0.02390000000000325	0.0007701509142781048	0.9788761243785852	0.02035372470713162
0.02400000000000335	0.00074739287952533	0.9788009985891202	0.02045160853134927
0.02410000000000345	0.0007253073469227265	0.978725207843833	0.02054948480923885
0.02420000000000355	0.00070387444396606	0.9786487720807119	0.020647353475316675
0.02430000000000365	0.0006830748853855379	0.9785717106485462	0.02074521446606286
0.02440000000000375	0.0006628899557929739	0.9784940423243383	0.02084306771986349
0.02450000000000385	0.0006433014928417318	0.9784157853301989	0.020940913176954123
0.02460000000000395	0.000624291870884291	0.9783369573497452	0.02103875077936522
0.02470000000000405	0.0006058439851127378	0.9782575755440126	0.021136580470869068
0.02480000000000415	0.0005879412361679035	0.9781776565668978	0.021234402196928334
0.02490000000000425	0.0005705675152033044	0.9780972165801449	0.021332215904646054
0.02500000000000435	0.000553707189390444	0.978016271267886	0.02143002154271727
0.02510000000000445	0.0005373450878524347	0.9779348358507588	0.021527819061381924
0.02520000000000455	0.0005214664880132835	0.9778529250996006	0.021625608412379087
0.02530000000000465	0.0005060571023505562	0.9777705533487392	0.02172338954890286
0.02540000000000475	0.0004911030655395011	0.9776877345088942	0.021821162425559235
0.02550000000000485	0.000476590921977069	0.977604482079691	0.021918926998324418
0.02560000000000495	0.0004625076136745946	0.9775208091618134	0.022016683224504348
0.02570000000000505	0.0004488404685082531	0.9774367284687888	0.02211443106269537
0.02580000000000515	0.0004355771888167171	0.9773522523384297	0.022212170472746127
0.02590000000000525	0.00042270584033575297	0.9772673927439358	0.022309901415720496
0.02600000000000535	0.0004102148414598	0.9771821613046707	0.02240762385386177
0.02610000000000545	0.000398092952820874	0.9770965692966138	0.022505337750557738
0.02620000000000555	0.00038632926717541285	0.9770106276625101	0.022603043070306857
0.02630000000000565	0.0003749131995899664	0.976924347021717	0.022700739778685454
0.02640000000000575	0.000363834477916903	0.9768377376797602	0.022798427842315883
0.02650000000000585	0.000353083133551556	0.9767508096376062	0.022896107228835533
0.02660000000000595	0.00034264949246250143	0.9766635726006643	0.022993777906866988
0.02670000000000605	0.00033252416648688835	0.9765760359875184	0.023091439845988767
0.02680000000000615	0.0003226980448829952	0.976488208938404	0.023189093016707095
0.02690000000000625	0.0003131622861324082	0.9764001003234333	0.023286737390428535
0.02700000000000635	0.00030390830998444743	0.9763117187505759	0.02338437293943338
0.02710000000000645	0.0002949277897356777	0.976223072573408	0.023481999636849767
0.02720000000000655	0.00028621264473756373	0.9761341698986278	0.023579617456628683
0.02730000000000665	0.0002777550331255245	0.9760450185933487	0.02367722637351962
0.02740000000000675	0.0002695473447628432	0.9759556262921839	0.02377482636304701
0.02750000000000685	0.00026158219439308583	0.9758660004041135	0.023872417401487243
0.02760000000000695	0.0002538524149948684	0.9757761481191521	0.02396999946584657
0.02770000000000705	0.00024635105133298876	0.975686076414821	0.024067572533839374
0.02780000000000715	0.00023907135370012408	0.9755957920624265	0.024165136583867364
0.02790000000000725	0.00023200677184346264	0.9755053016331512	0.024262691594999237
0.02800000000000735	0.00022515094907080277	0.9754146115039724	0.02436023754695093
0.02810000000000745	0.0002184977165308188	0.9753237278633969	0.024457774420066535
0.02820000000000755	0.00021204108766234388	0.9752326567170329	0.02455530219529968
0.02830000000000765	0.00020577525280767903	0.9751414038929913	0.024652820854195564
0.02840000000000775	0.00019969457398507726	0.9750499750471363	0.02475033037887346
0.02850000000000785	0.00019379357981570353	0.9749583756681691	0.024847830752009744
0.02860000000000795	0.0001880669606005015	0.9748666110825727	0.024945321956821424
0.02870000000000805	0.0001825095635425407	0.974774686459402	0.025042803977050165
0.02880000000000815	0.0001771163881105433	0.9746826068149377	0.0251402767969468
0.02890000000000825	0.00017188258153941956	0.9745903770171996	0.02523774040125624
0.02900000000000835	0.00016680343446376177	0.9744980017903285	0.025335194775202907
0.02910000000000845	0.00016187437668037038	0.9744054857188379	0.02543263990447655
0.02920000000000855	0.0001570909730359965	0.9743128332517397	0.025530075775218514
0.02930000000000865	0.0001524489194366035	0.9742200487065494	0.02562750237400834
0.02940000000000875	0.00014794403897455352	0.974127136273168	0.025724919687850862
0.02950000000000885	0.00014357227817023805	0.9740341000176598	0.025822327704163612
0.02960000000000895	0.00013932970332476634	0.9739409438859034	0.02591972641076465
0.02970000000000905	0.0001352124969804345	0.9738476717071518	0.026017115795860676
0.02980000000000915	0.00013121695448578647	0.9737542871974711	0.026114495848035574
0.02990000000000925	0.00012733948066217867	0.9736607939630915	0.02621186655623928
0.03000000000000935	0.0001235765865688482	0.9735671955036473	0.026309227909776918
0.03010000000000945	0.00011992488636357179	0.973473495215331	0.02640657989829832
0.03020000000000955	0.00011638109425609495	0.9733796963939487	0.026503922511787906
0.03030000000000965	0.00011294202155158635	0.9732858022378866	0.026601255740554653
0.03040000000000975	0.00010960457378145811	0.9731918158509887	0.02669857957522264
0.03050000000000985	0.00010636574791897167	0.973097740245352	0.026795894006721627
0.03060000000000995	0.00010322262967712181	0.9730035783440368	0.026893199026278097
0.03070000000001005	0.00010017239088636912	0.9729093329836991	0.02699049462540643
0.03080000000001015	9.721228694986018e-05	0.9728150069171417	0.027087780795900462
0.03090000000001025	9.433965437384703e-05	0.9727206028157934	0.02718505752982512
0.03100000000001035	9.155190837108178e-05	0.9726261232721133	0.02728232481950851
0.03110000000001045	8.884654053503245e-05	0.9725315708019238	0.027379582657534075
0.03120000000001055	8.62211165828252e-05	0.9724369478466769	0.027476831036733047
0.031300000000010646	8.36732741648826e-05	0.9723422567756504	0.027574069950177197
0.031400000000010746	8.120072073928837e-05	0.972247499888082	0.027671299391171605
0.031500000000010846	7.880123150896356e-05	0.9721526794152364	0.02776851935324786
0.031600000000010946	7.647264741980037e-05	0.9720577975224161	0.027865729830157324
0.031700000000011046	7.42128732179508e-05	0.9719628563109107	0.027962930815864668
0.031800000000011146	7.201987556452267e-05	0.971867857819887	0.028060122304541472
0.031900000000011246	6.989168120598684e-05	0.9717728040282266	0.028157304290560233
0.032000000000011346	6.78263751986484e-05	0.9716776968563059	0.028254476768488336
0.032100000000011446	6.582209918558606e-05	0.9715825381677253	0.028351639733082346
0.032200000000011546	6.387704972450701e-05	0.9714873297709865	0.028448793179282374
0.032300000000011646	6.198947666501427e-05	0.9713920734211215	0.028545937102206643
0.032400000000011746	6.0157681573826065e-05	0.9712967708212732	0.028643071497146323
0.032500000000011846	5.8380016206530076e-05	0.9712014236242267	0.028740196359560276
0.032600000000011946	5.6654881024497406e-05	0.971106033433899	0.028837311685070182
0.032700000000012046	5.4980723755621846e-05	0.9710106018067827	0.028934417469455725
0.032800000000012146	5.335603799758956e-05	0.970915130253347	0.029031513708649852
0.032900000000012246	5.17793618624223e-05	0.9708196202393979	0.02912860039873436
0.033000000000012346	5.024927666107436e-05	0.9707240731873983	0.029225677535935357
0.033100000000012446	4.8764405626899923e-05	0.9706284904777488	0.029322745116619087
0.033200000000012546	4.732341267684202e-05	0.9705328734500296	0.029419803137287783
0.033300000000012646	4.592500120922856e-05	0.9704372234042091	0.0295168515945756
0.033400000000012746	4.456791293709357e-05	0.9703415416018121	0.029613890485244765
0.033500000000012846	4.32509267559738e-05	0.9702458292670568	0.029710919806181745
0.033600000000012946	4.197285764516216e-05	0.9701500875879551	0.02980793955439361
0.033700000000013046	4.0732555601429273e-05	0.9700543177173881	0.02990494972700442
0.033800000000013146	3.9528904604253495e-05	0.969958520774138	0.030001950321251795
0.033900000000013246	3.836082161162861e-05	0.9698626978438994	0.030098941334483605
0.034000000000013346	3.722725558554556e-05	0.969766849980255	0.030195922764154576
0.034100000000013446	3.612718654627109e-05	0.9696709782056258	0.030292894607823268
0.034200000000013546	3.505962465457261e-05	0.9695750835121916	0.030389856863148972
0.034300000000013646	3.4023609321063755e-05	0.9694791668627853	0.030486809527888625
0.034400000000013746	3.301820834186817e-05	0.969383229191759	0.030583752599894074
0.034500000000013846	3.2042517059825175e-05	0.9692872714058263	0.03068068607710915
0.034600000000013946	3.109565755048161e-05	0.9691912943848777	0.030777609957567047
0.034700000000014046	3.0176777832137604e-05	0.9690952989827756	0.03087452423938758
0.034800000000014146	2.92850510992358e-05	0.9689992860281218	0.030971428920774677
0.034900000000014246	2.8419674978403797e-05	0.9689032563250032	0.031068324000013907
0.035000000000014346	2.7579870806480775e-05	0.9688072106537186	0.031165209475470024
0.035100000000014446	2.676488292987835e-05	0.9687111497714805	0.031262085345584646
0.035200000000014546	2.5973978024645496e-05	0.9686150744130965	0.03135895160887394
0.035300000000014646	2.5206444436625572e-05	0.9685189852916319	0.03145580826392647
0.035400000000014746	2.4461591541111828e-05	0.9684228830990526	0.03155265530940113
0.035500000000014846	2.3738749121425003e-05	0.9683267685068485	0.03164949274402484
0.035600000000014946	2.3037266765854205e-05	0.9682306421666378	0.031746320566590706
0.035700000000015046	2.235651328241817e-05	0.9681345047107558	0.03184313877595602
0.035800000000015146	2.169587613092031e-05	0.9680383567528231	0.0319399473710403
0.035900000000015246	2.1054760871786707e-05	0.9679421988882992	0.032036746350823674
0.036000000000015346	2.0432590631190898e-05	0.9678460316950191	0.032133535714344706
0.036100000000015446	1.9828805581984347e-05	0.9677498557337143	0.032230315460699016
0.036200000000015546	1.9242862439965458e-05	0.9676536715485184	0.03232708558903743
0.036300000000015646	1.867423397503388e-05	0.9675574796674568	0.0324238460985643
0.036400000000015746	1.8122408536790227e-05	0.9674612806029231	0.032520596988536106
0.036500000000015846	1.758688959415437e-05	0.9673650748521418	0.032617338258259736
0.036600000000015946	1.706719528858811e-05	0.967268862897616	0.032714069907091047
0.036700000000016046	1.6562858000520145e-05	0.9671726452075613	0.03281079193443337
0.036800000000016146	1.6073423928583152e-05	0.9670764222363303	0.03290750433973627
0.036900000000016246	1.55984526812846e-05	0.96698019442482	0.03300420712249399
0.037000000000016346	1.5137516880743558e-05	0.9668839622008703	0.03310090028224424
0.037100000000016446	1.469020177813721e-05	0.96678772597965	0.03319758381856679
0.037200000000016546	1.4256104880510988e-05	0.9666914861640318	0.033294257731082424
0.037300000000016646	1.3834835588616437e-05	0.9665952431449547	0.03339092201945151
0.037400000000016746	1.3426014845451074e-05	0.9664989973017759	0.03348757668337293
0.037500000000016846	1.3029274795183846e-05	0.9664027490026161	0.033584221722582956
0.037600000000016946	1.2644258452159452e-05	0.9663064986046881	0.033680857136854155
0.037700000000017046	1.2270619379683585e-05	0.9662102464546206	0.03377748292599424
0.037800000000017146	1.1908021378300092e-05	0.9661139928887712	0.03387409908984508
0.037900000000017246	1.1556138183279592e-05	0.96601773823353	0.03397070562828161
0.038000000000017346	1.1214653171047329e-05	0.9659214828056133	0.03406730254121103
0.038100000000017446	1.0883259074286125e-05	0.9658252269123498	0.034163889828571596
0.038200000000017546	1.0561657705458016e-05	0.9657289708519586	0.034260467490331965
0.038300000000017646	1.024955968849593e-05	0.9656327149138173	0.03435703552649009
0.038400000000017746	9.946684198423868e-06	0.9655364593787256	0.034453593937072445
0.038500000000017846	9.65275870867126e-06	0.9654402045191546	0.03455014272213318
0.038600000000017946	9.36751874585435e-06	0.9653439505994974	0.03464668188175324
0.038700000000018046	9.090707651803703e-06	0.9652476978763048	0.03474321141603963
0.038800000000018146	8.822076352623866e-06	0.9651514465985191	0.03483973132512464
0.038900000000018246	8.561383134577324e-06	0.9650551970076964	0.034936241609165065
0.039000000000018346	8.308393426591116e-06	0.9649589493382277	0.03503274226834157
0.039100000000018446	8.0628795891904e-06	0.964862703817549	0.03512923330285772
0.039200000000018546	7.824620709669058e-06	0.9647664606663462	0.03522571471293968
0.039300000000018646	7.593402403313025e-06	0.9646702200987574	0.03532218649883522
0.039400000000018746	7.369016620497477e-06	0.964573982322562	0.035418648660813255
0.039500000000018846	7.151261459484325e-06	0.9644777475393728	0.035515101199163186
0.039600000000018946	6.939940984751554e-06	0.9643815159448166	0.0356115441141942
0.039700000000019046	6.734865050690986e-06	0.9642852877287101	0.0357079774062348
0.039800000000019146	6.535849130515727e-06	0.9641890630752327	0.035804401075632195
0.039900000000019246	6.342714150223465e-06	0.9640928421630935	0.035900815122751686
0.040000000000019346	6.155286327466146e-06	0.9639966251656922	0.035997219547976265
0.040100000000019446	5.973397015181081e-06	0.9639004122512752	0.03609361435170591
0.040200000000019546	5.796882549842766e-06	0.9638042035830897	0.03618999953435722
0.040300000000019646	5.625584104198853e-06	0.9637079993195293	0.03628637509636278
0.040400000000019747	5.459347544357821e-06	0.9636117996142809	0.036382741038170976
0.040500000000019847	5.298023291099705e-06	0.9635156046164605	0.03647909736024515
0.040600000000019947	5.141466185285091e-06	0.963419414470748	0.03657544406306336
0.04070000000002005	4.989535357241326e-06	0.9633232293175216	0.03667178114711795
0.04080000000002015	4.8420941000083365e-06	0.9632270492929824	0.03676810861291511
0.04090000000002025	4.699009746330084e-06	0.9631308745292765	0.03686442646097443
0.04100000000002035	4.560153549280906e-06	0.9630347051546193	0.03696073469182845
0.04110000000002045	4.425400566419357e-06	0.9629385412934081	0.03705703330602242
0.04120000000002055	4.294629547365351e-06	0.9628423830663358	0.03715332230411379
0.04130000000002065	4.167722824699382e-06	0.9627462305905007	0.037249601686672004
0.04140000000002075	4.044566208085678e-06	0.9626500839795117	0.037345871454277785
0.04150000000002085	3.925048881524044e-06	0.9625539433435925	0.03744213160752328
0.04160000000002095	3.809063303637931e-06	0.9624578087896827	0.0375383821470115
0.04170000000002105	3.696505110908953e-06	0.9623616804215316	0.03763462307335584
0.04180000000002115	3.5872730237709016e-06	0.9622655583397942	0.037730854387180025
0.04190000000002125	3.4812687554786328e-06	0.9621694426421253	0.037827076089117645
0.04200000000002135	3.378396923669935e-06	0.9620733334232625	0.03792328817981186
0.04210000000002145	3.2785649645407067e-06	0.9619772307751181	0.03801949065991528
0.04220000000002155	3.181683049556309e-06	0.961881134786859	0.03811568353008941
0.04230000000002165	3.087664004624071e-06	0.9617850455449883	0.03821186679100471
0.04240000000002175	2.996423231654278e-06	0.9616889631334263	0.038308040443340095
0.04250000000002185	2.9078786324390304e-06	0.961592887633583	0.038404204487782714
0.04260000000002195	2.821950534780493e-06	0.9614968191244359	0.03850035892502771
0.04270000000002205	2.738561620802061e-06	0.9614007576825991	0.03859650375577807
0.04280000000002215	2.657636857377935e-06	0.9613047033823965	0.038692638980744286
0.04290000000002225	2.579103428618512e-06	0.9612086562959258	0.038788764600644184
0.04300000000002235	2.502890670350844e-06	0.9611126164931258	0.03888488061620265
0.04310000000002245	2.42893000653519e-06	0.9610165840418403	0.03898098702815159
0.04320000000002255	2.3571548875604876e-06	0.9609205590078813	0.039077083837229395
0.04330000000002265	2.287500730363182e-06	0.9608245414550871	0.03917317104418108
0.04340000000002275	2.219904860315558e-06	0.9607285314453812	0.039269248649757914
0.04350000000002285	2.1543064548312622e-06	0.9606325290388271	0.03936531665471725
0.04360000000002295	2.0906464886373207e-06	0.9605365342936883	0.039461375059822355
0.04370000000002305	2.028867680663338e-06	0.9604405472664764	0.03955742386584225
0.04380000000002315	1.968914442500142e-06	0.9603445680120055	0.039653463073551505
0.04390000000002325	1.9107328283814857e-06	0.9602485965834412	0.03974949268373006
0.04400000000002335	1.8542704866437836e-06	0.9601526330323497	0.03984551269716313
0.04410000000002345	1.799476612620222e-06	0.9600566774087462	0.03994152311464106
0.04420000000002355	1.7463019029268576e-06	0.9599607297611378	0.04003752393695898
0.04430000000002365	1.6946985110995578e-06	0.9598647901365713	0.040133515164916936
0.04440000000002375	1.6446200045418777e-06	0.9597688585806748	0.0402294967993195
0.04450000000002385	1.596021322745134e-06	0.9596729351377007	0.040325468840975834
0.04460000000002395	1.5488587367430765e-06	0.9595770198505631	0.04042143129069938
0.04470000000002405	1.5030898097646832e-06	0.9594811127608818	0.0405173841493078
0.04480000000002415	1.458673359049656e-06	0.9593852139090168	0.04061332741762298
0.04490000000002425	1.4155694187922903e-06	0.959289323334109	0.040709261096470606
0.04500000000002435	1.3737392041803428e-06	0.959193441074114	0.040805185186680304
0.04510000000002445	1.333145076496562e-06	0.9590975671658368	0.04090109968908553
0.04520000000002455	1.2937505092514669e-06	0.9590017016449662	0.0409970046045232
0.04530000000002465	1.2555200553169107e-06	0.9589058445461093	0.04109289993383379
0.04540000000002475	1.218419315030845e-06	0.9588099959028226	0.041188785677861245
0.04550000000002485	1.1824149052445942e-06	0.9587141557476406	0.04128466183745273
0.04560000000002495	1.1474744292847893e-06	0.9586183241121107	0.0413805284134587
0.04570000000002505	1.1135664478029232e-06	0.9585225010268187	0.041476385406732624
0.04580000000002515	1.080660450486309e-06	0.958426686521417	0.04157223281813109
0.04590000000002525	1.048726828604979e-06	0.9583308806246568	0.0416680706485135
0.04600000000002535	1.0177368483698305e-06	0.9582350833644085	0.04176389889874214
0.04610000000002545	9.876626250780345e-07	0.9581392947676917	0.04185971756968205
0.04620000000002555	9.584770980224537e-07	0.9580435148606997	0.041955526662200905
0.04630000000002565	9.301540061424938e-07	0.9579477436688233	0.04205132617716897
0.04640000000002575	9.026678643944621e-07	0.9578519812166748	0.042147116115459
0.04650000000002585	8.759939408201997e-07	0.9577562275281114	0.0422428964779462
0.04660000000002595	8.501082342933262e-07	0.9576604826262565	0.04233866726550808
0.04670000000002605	8.249874529230904e-07	0.9575647465335212	0.04243442847902443
0.04680000000002615	8.00608993096388e-07	0.9574690192716279	0.04253018011937729
0.04690000000002625	7.769509191390904e-07	0.9573733008616282	0.04262592218745079
0.04700000000002635	7.539919435783826e-07	0.9572775913239232	0.0427216546841312
0.04710000000002645	7.317114079883503e-07	0.9571818906782834	0.04281737761030672
0.04720000000002655	7.100892644015834e-07	0.9570861989438663	0.04291309096686754
0.04730000000002665	6.891060572700675e-07	0.9569905161392354	0.04300879475470574
0.04740000000002675	6.687429059591324e-07	0.9568948422823781	0.043104488974715145
0.04750000000002685	6.48981487758707e-07	0.95679917739072	0.04320017362779149
0.04760000000002695	6.29804021396592e-07	0.9567035214811455	0.04329584871483213
0.04770000000002705	6.111932510389198e-07	0.9566078745700118	0.04339151423673607
0.04780000000002715	5.931324307633987e-07	0.9565122366731634	0.043487170194404005
0.04790000000002725	5.756053094913762e-07	0.9564166078059504	0.043582816588738145
0.04800000000002735	5.585961163651625e-07	0.95632098798324	0.04367845342064217
0.04810000000002745	5.420895465574514e-07	0.9562253772194308	0.043774080691021344
0.04820000000002755	5.260707475000813e-07	0.9561297755284694	0.043869698400782135
0.04830000000002765	5.105253055197294e-07	0.9560341829238609	0.04396530655083257
0.04840000000002775	4.954392328685272e-07	0.955938599418684	0.044060905142081976
0.04850000000002785	4.807989551379233e-07	0.955843025025603	0.044156494175440944
0.04860000000002795	4.665912990444634e-07	0.9557474597568789	0.044252073651821246
0.04870000000002805	4.5280348057650783e-07	0.9556519036243828	0.044347643572135956
0.04880000000002815	4.3942309349120917e-07	0.9555563566396066	0.04444320393729928
0.04890000000002825	4.264380981514081e-07	0.9554608188136745	0.04453875474822655
0.04900000000002835	4.138368106923991e-07	0.9553652901573547	0.04463429600583425
0.04910000000002845	4.0160789250882056e-07	0.9552697706810669	0.04472982771103982
0.04920000000002855	3.897403400522069e-07	0.9551742603948974	0.04482534986476177
0.04930000000002865	3.7822347493002456e-07	0.9550787593086045	0.04492086246791964
0.04940000000002875	3.6704693429728214e-07	0.9549832674316301	0.045016365521433864
0.04950000000002885	3.5620066153207115e-07	0.9548877847731108	0.04511185902622585
0.04960000000002895	3.456748971866418e-07	0.9547923113418832	0.04520734298321786
0.04970000000002905	3.354601702058791e-07	0.9546968471464952	0.045302817393333056
0.04980000000002915	3.255472894052722e-07	0.9546013921952137	0.0453982822574955
0.04990000000002925	3.1592733520071014e-07	0.9545059464960333	0.04549373757663
0.05000000000002935	3.06591651582664e-07	0.9544105100566844	0.04558918335166212
0.05010000000002945	2.9753183832753185e-07	0.9543150828846421	0.04568461958351825
0.05020000000002955	2.887397434391397e-07	0.9542196649871298	0.04578004627312548
0.05030000000002965	2.802074558135974e-07	0.9541242563711311	0.04587546342141162
0.05040000000002975	2.71927298120907e-07	0.9540288570433951	0.045970871029305145
0.05050000000002985	2.6389181989692223e-07	0.9539334670104437	0.046066269097735243
0.05060000000002995	2.5609379083944e-07	0.9538380862785764	0.04616165762763172
0.05070000000003005	2.4852619430239375e-07	0.9537427148538797	0.04625703661992492
0.05080000000003015	2.411822209822942e-07	0.9536473527422321	0.04635240607554596
0.05090000000003025	2.3405526279123448e-07	0.95355199994931	0.04644776599542639
0.05100000000003035	2.2713890691095133e-07	0.9534566564805936	0.04654311638049834
0.05110000000003045	2.2042693002258765e-07	0.9533613223413743	0.04663845723169449
0.05120000000003055	2.1391329270696662e-07	0.9532659975367576	0.046733788549948085
0.05130000000003065	2.0759213401033783e-07	0.9531706820716723	0.04682911033619286
0.05140000000003075	2.014577661707068e-07	0.9530753759508704	0.04692442259136298
0.05150000000003085	1.9550466950000177e-07	0.9529800791789371	0.047019725316393056
0.05160000000003095	1.8972748741747266e-07	0.9528847917602942	0.047115018512218255
0.05170000000003105	1.8412102162985392e-07	0.952789513699204	0.04721030217977413
0.05180000000003115	1.7868022745395356e-07	0.9526942449997755	0.04730557631999662
0.05190000000003125	1.73400209277461e-07	0.9525989856659679	0.04740084093382209
0.05200000000003135	1.682762161538875e-07	0.9525037357015963	0.04749609602218731
0.05210000000003145	1.63303637527677e-07	0.9524084951103332	0.04759134158602941
0.05220000000003155	1.5847799908564122e-07	0.9523132638957156	0.04768657762628586
0.05230000000003165	1.5379495873098288e-07	0.9522180420611475	0.0477818041438945
0.05240000000003175	1.4925030267628998e-07	0.9521228296099045	0.047877021139793495
0.05250000000003185	1.448399416519795e-07	0.9520276265451382	0.047972228614921404
0.05260000000003195	1.405599072267845e-07	0.9519324328698772	0.048067426570216974
0.05270000000003205	1.3640634823696975e-07	0.9518372485870334	0.04816261500661928
0.05280000000003215	1.3237552732106405e-07	0.9517420736994062	0.04825779392506774
0.05290000000003225	1.284638175569933e-07	0.951646908209682	0.048352963326502046
0.05300000000003235	1.2466769919858492e-07	0.95155175212044	0.04844812321186207
0.05310000000003245	1.209837565085093e-07	0.9514566054341563	0.04854327358208801
0.05320000000003255	1.1740867468480889e-07	0.9513614681532065	0.048638414438120295
0.05330000000003265	1.1393923687824761e-07	0.9512663402798651	0.04873354578089952
0.05340000000003275	1.1057232129779883e-07	0.9511712218163132	0.048828667611366616
0.05350000000003285	1.073048984016655e-07	0.9510761127646395	0.04892377993046261
0.05360000000003295	1.0413402817130665e-07	0.9509810131268432	0.049018882739128807
0.05370000000003305	1.0105685746601646e-07	0.9508859229048359	0.04911397603830672
0.05380000000003315	9.807061745567563e-08	0.9507908421004447	0.04920905982893802
0.05390000000003325	9.517262112936552e-08	0.9506957707154141	0.04930413411196455
0.05400000000003335	9.236026087760245e-08	0.9506007087514102	0.049399198888328305
0.05410000000003345	8.963100614601769e-08	0.9505056562100219	0.04949425415897149
0.05420000000003355	8.698240115837151e-08	0.9504106130927622	0.04958929992483643
0.05430000000003365	8.441206270685185e-08	0.9503155794010715	0.04968433618686567
0.05440000000003375	8.191767800767036e-08	0.9502205551363202	0.049779362946001784
0.05450000000003385	7.949700262002549e-08	0.9501255402998101	0.0498743802031875
0.05460000000003395	7.714785842656075e-08	0.9500305348927759	0.04996938795936577
0.05470000000003405	7.486813167350019e-08	0.949935538916389	0.05006438621547959
0.05480000000003415	7.265577106869852e-08	0.9498405523717576	0.050159374972472026
0.05490000000003425	7.050878593589373e-08	0.9497455752599284	0.05025435423128634
0.05500000000003435	6.842524442350179e-08	0.9496506075818903	0.050349323992865895
0.05510000000003445	6.640327176634168e-08	0.9495556493385752	0.050444284258154094
0.05520000000003455	6.444104859872674e-08	0.9494607005308577	0.05053923502809445
0.05530000000003465	6.253680931740389e-08	0.9493657611595613	0.05063417630363058
0.05540000000003475	6.068884049286876e-08	0.9492708312254546	0.05072910808570614
0.05550000000003485	5.8895479327626285e-08	0.949175910729257	0.05082403037526487
0.05560000000003495	5.715511216000975e-08	0.9490809996716385	0.050918943173250644
0.05570000000003505	5.546617301221234e-08	0.9489860980532212	0.051013846480607326
0.05580000000003515	5.3827142181224435e-08	0.9488912058745813	0.05110874029827889
0.05590000000003525	5.223654487140873e-08	0.9487963231362481	0.05120362462720933
0.05600000000003535	5.069294986748316e-08	0.9487014498387099	0.05129849946834268
0.05610000000003545	4.9194968246716975e-08	0.9486065859824122	0.051393364822623064
0.05620000000003555	4.774125212918189e-08	0.9485117315677571	0.051488220690994575
0.05630000000003565	4.633049346493315e-08	0.948416886595109	0.051583067074401516
0.05640000000003575	4.4961422857029673e-08	0.9483220510647927	0.05167790397378794
0.05650000000003585	4.36328084193339e-08	0.9482272249770969	0.051772731390098185
0.05660000000003595	4.234345466806405e-08	0.9481324083322719	0.051867549324276584
0.05670000000003605	4.109220144610089e-08	0.9480376011305344	0.05196235777726737
0.05680000000003615	3.9877922879081355e-08	0.9479428033720655	0.052057156750014835
0.05690000000003625	3.869952636233984e-08	0.9478480150570138	0.052151946243463324
0.05700000000003635	3.75559515777853e-08	0.9477532361854932	0.05224672625855721
0.05710000000003645	3.6446169539829905e-08	0.9476584667575919	0.05234149679624085
0.05720000000003655	3.5369181669510404e-08	0.9475637067733618	0.052436257857458604
0.05730000000003665	3.432401889596957e-08	0.9474689562328283	0.05253100944315485
0.05740000000003675	3.330974078448856e-08	0.9473742151359875	0.052625751554273945
0.05750000000003685	3.2325434690286356e-08	0.9472794834828073	0.05272048419176026
0.05760000000003695	3.137021493732448e-08	0.9471847612732293	0.052815207356558196
0.05770000000003705	3.04432220213778e-08	0.947090048507168	0.052909921049612035
0.05780000000003715	2.9543621836655068e-08	0.9469953451845141	0.053004625271866196
0.05790000000003725	2.8670604925272615e-08	0.946900651305132	0.05309932002426495
0.05800000000003735	2.782338574890633e-08	0.9468059668688639	0.05319400530775266
0.05810000000003745	2.7001201981966298e-08	0.9467112918755266	0.05328868112327358
0.05820000000003755	2.620331382565829e-08	0.9466166263249162	0.053383347471772084
0.05830000000003765	2.5429003342314697e-08	0.9465219702168068	0.05347800435419235
0.05840000000003775	2.4677573809396108e-08	0.94642732355095	0.05357265177147862
0.05850000000003785	2.394834909258224e-08	0.9463326863270781	0.05366728972457514
0.05860000000003795	2.3240673037388002e-08	0.9462380585449032	0.053761918214426066
0.05870000000003805	2.2553908878757443e-08	0.9461434402041181	0.05385653724197556
0.05880000000003815	2.1887438668104245e-08	0.9460488313043961	0.05395114680816778
0.05890000000003825	2.1240662717283153e-08	0.9459542318453932	0.05404574691394679
0.05900000000003835	2.0612999058992215e-08	0.9458596418267475	0.05414033756025664
0.05910000000003845	2.0003882923120084e-08	0.9457650612480789	0.05423491874804136
0.05920000000003855	1.9412766228567392e-08	0.9456704901089923	0.05432949047824488
0.05930000000003865	1.8839117090084768e-08	0.9455759284090755	0.05442405275181124
0.05940000000003875	1.8282419339683968e-08	0.9454813761479003	0.05451860556968421
0.05950000000003885	1.7742172062191174e-08	0.9453868333250242	0.054613148932807706
0.05960000000003895	1.7217889144524917e-08	0.9452922999399892	0.05470768284212554
0.05970000000003905	1.670909883829278e-08	0.9451977759923235	0.054802207298581464
0.05980000000003915	1.6215343335313388e-08	0.945103261481541	0.054896722303119164
0.05990000000003925	1.573617835568189e-08	0.9450087564071431	0.05499122785668235
0.06000000000003935	1.5271172748008033e-08	0.9449142607686167	0.0550857239602146
0.06010000000003945	1.4819908101467208e-08	0.9448197745654363	0.055180210614659504
0.06020000000003955	1.4381978369315607e-08	0.9447252977970654	0.05527468782096051
0.06030000000003965	1.3956989503530333e-08	0.9446308304629536	0.055369155580061155
0.06040000000003975	1.3544559100246078e-08	0.9445363725625399	0.05546361389290477
0.06050000000003985	1.314431605566909e-08	0.9444419240952528	0.055558062760434734
0.06060000000003995	1.2755900232159007e-08	0.9443474850605095	0.05565250218359429
0.06070000000004005	1.2378962134177888e-08	0.944253055457715	0.05574693216332672
0.06080000000004015	1.2013162593815106e-08	0.9441586352862663	0.05584135270057514
0.06090000000004025	1.1658172465604913e-08	0.944064224545549	0.05593576379628272
0.06100000000004035	1.1313672330362228e-08	0.9439698232349393	0.05603016545139238
0.06110000000004045	1.0979352207770098e-08	0.943875431353805	0.05612455766684723
0.06120000000004055	1.065491127746022e-08	0.9437810489015032	0.056218940443590104
0.06130000000004065	1.0340057608335562e-08	0.9436866758773834	0.05631331378256388
0.06140000000004075	1.0034507895891512e-08	0.9435923122807857	0.05640767768471133
0.06150000000004085	9.73798720729926e-09	0.9434979581110426	0.05650203215097519
0.06160000000004095	9.450228734021946e-09	0.9434036133674774	0.05659637718229808
0.06170000000004105	9.170973551741037e-09	0.9433092780494077	0.056690712779622635
0.06180000000004115	8.899970387376897e-09	0.943214952156142	0.056785038943891315
0.06190000000004125	8.636975392993938e-09	0.9431206356869812	0.056879355676046635
0.06200000000004135	8.381751926386916e-09	0.9430263286412203	0.05697366297703091
0.06210000000004145	8.134070338150856e-09	0.9429320310181465	0.057067960847786474
0.06220000000004155	7.893707765043128e-09	0.9428377428170398	0.05716224928925554
0.06230000000004165	7.660447929451694e-09	0.9427434640371747	0.05725652830238026
0.06240000000004175	7.434080944789083e-09	0.9426491946778192	0.05735079788810274
0.06250000000004184	7.2144031266369946e-09	0.9425549347382343	0.057445058047364994
0.06260000000004194	7.001216809471573e-09	0.9424606842176769	0.057539308781108967
0.06270000000004204	6.794330168804504e-09	0.9423664431153965	0.05763355009027649
0.06280000000004214	6.5935570485798546e-09	0.9422722114306364	0.057727781975809404
0.06290000000004224	6.39871679367132e-09	0.9421779891626371	0.05782200443864938
0.06300000000004234	6.209634087329235e-09	0.9420837763106316	0.057916217479738054
0.06310000000004244	6.026138793430999e-09	0.9419895728738477	0.05801042110001703
0.06320000000004254	5.8480658033930675e-09	0.94189537885151	0.05810461530042776
0.06330000000004264	5.6752548876066645e-09	0.9418011942428365	0.058198800081911646
0.06340000000004274	5.507550551263606e-09	0.9417070190470422	0.05829297544541001
0.06350000000004284	5.344801894442483e-09	0.9416128532633368	0.058387141391864135
0.06360000000004294	5.1868624763293016e-09	0.9415186968909254	0.05848129792221518
0.06370000000004304	5.033590183450424e-09	0.9414245499290086	0.058575445037404195
0.06380000000004314	4.884847101799253e-09	0.9413304123767835	0.0586695827383722
0.06390000000004324	4.740499392741554e-09	0.9412362842334431	0.058763711026060164
0.06400000000004334	4.600417172587794e-09	0.9411421654981769	0.05885782990140892
0.06410000000004344	4.464474395724182e-09	0.9410480561701697	0.05895193936535921
0.06420000000004354	4.332548741197108e-09	0.9409539562486031	0.05904603941885172
0.06430000000004364	4.204521502649094e-09	0.9408598657326551	0.05914013006282707
0.06440000000004374	4.080277481507119e-09	0.9407657846214998	0.05923421129822578
0.06450000000004384	3.959704883327261e-09	0.9406717129143098	0.059328283125988264
0.06460000000004394	3.8426952172023265e-09	0.9405776506102532	0.05942234554705493
0.06470000000004404	3.729143198142028e-09	0.9404835977084942	0.05951639856236597
0.06480000000004414	3.618946652337833e-09	0.9403895542081957	0.05961044217286161
0.06490000000004424	3.512006425227226e-09	0.9402955201085152	0.05970447637948199
0.06500000000004434	3.4082262922747e-09	0.94020149540861	0.05979850118316708
0.06510000000004444	3.30751287238918e-09	0.9401074801076333	0.059892516584856836
0.06520000000004454	3.2097755438999453e-09	0.940013474204736	0.05998652258549108
0.06530000000004464	3.1149263630155027e-09	0.9399194776990669	0.06008051918600961
0.06540000000004474	3.022879984691989e-09	0.9398254905897702	0.06017450638735213
0.06550000000004484	2.9335535858399235e-09	0.9397315128759908	0.060268484190458195
0.06560000000004494	2.8468667908002117e-09	0.9396375445568684	0.06036245259626731
0.06570000000004504	2.762741599022335e-09	0.9395435856315424	0.06045641160571888
0.06580000000004514	2.6811023148796657e-09	0.9394496360991483	0.06055036121975226
0.06590000000004524	2.601875479558733e-09	0.939355695958821	0.060644301439306735
0.06600000000004534	2.524989804961184e-09	0.939261765209692	0.06073823226532146
0.06610000000004544	2.450376109558938e-09	0.9391678438508917	0.060832153698735465
0.06620000000004554	2.3779672561448197e-09	0.9390739318815485	0.06092606574048778
0.06630000000004564	2.307698091422693e-09	0.9389800293007877	0.061019968391517264
0.06640000000004574	2.2395053873826837e-09	0.9388861361077351	0.061113861652762766
0.06650000000004584	2.1733277844087838e-09	0.9387922523015125	0.06120774552516301
0.06660000000004594	2.109105736067637e-09	0.9386983778812406	0.06130162000965664
0.06670000000004604	2.046781455528809e-09	0.9386045128460395	0.06139548510718223
0.06680000000004614	1.9862988635683463e-09	0.9385106571950268	0.06148934081867817
0.06690000000004624	1.9276035381088433e-09	0.938416810927318	0.061583187145082874
0.06700000000004634	1.8706426652506037e-09	0.9383229740420274	0.061677024087334636
0.06710000000004644	1.8153649917498186e-09	0.9382291465382676	0.061770851646371604
0.06720000000004654	1.7617207789010434e-09	0.9381353284151519	0.06186466982313197
0.06730000000004664	1.7096617577824397e-09	0.938041519671789	0.0619584786185537
0.06740000000004674	1.6591410858235246e-09	0.9379477203072882	0.062052278033574736
0.06750000000004684	1.6101133046563475e-09	0.9378539303207577	0.062146068069132906
0.06760000000004694	1.5625342992121724e-09	0.9377601497113031	0.062239848726165975
0.06770000000004704	1.516361258026854e-09	0.9376663784780308	0.06233362000561162
0.06780000000004714	1.4715526347191947e-09	0.9375726166200438	0.06242738190840738
0.06790000000004724	1.4280681106076205e-09	0.9374788641364448	0.06252113443549073
0.06800000000004734	1.3858685584315366e-09	0.9373851210263361	0.0626148775877991
0.06810000000004744	1.3449160071447185e-09	0.9372913872888182	0.06270861136626978
0.06820000000004754	1.3051736077490715e-09	0.9371976629229906	0.06280233577184002
0.06830000000004764	1.266605600137991e-09	0.937103947927952	0.06289605080544688
0.06840000000004774	1.229177280919518e-09	0.9370102423028003	0.06298975646802749
0.06850000000004784	1.1928549721903146e-09	0.9369165460466313	0.06308345276051867
0.06860000000004794	1.1576059912323763e-09	0.9368228591585419	0.06317713968385733
0.06870000000004804	1.1233986211052096e-09	0.936729181637627	0.06327081723898029
0.06880000000004814	1.0902020821070106e-09	0.9366355134829797	0.06336448542682414
0.06890000000004824	1.0579865040791697e-09	0.9365418546936943	0.0634581442483254
0.06900000000004834	1.026722899529184e-09	0.9364482052688631	0.06355179370442066
0.06910000000004844	9.963831375477841e-10	0.936354565207577	0.06364543379604637
0.06920000000004854	9.669399184968187e-10	0.9362609345089277	0.06373906452413879
0.06930000000004864	9.383667494451096e-10	0.936167313172006	0.063832685889634
0.06940000000004874	9.106379203301861e-10	0.9360737011959008	0.06392629789346826
0.06950000000004884	8.837284808244298e-10	0.9359800985797008	0.06401990053657769
0.06960000000004894	8.576142178848453e-10	0.9358865053224944	0.0641134938198981
0.06970000000004904	8.322716339662221e-10	0.9357929214233697	0.06420707774436533
0.06980000000004914	8.076779258781049e-10	0.935699346881414	0.06430065231091531
0.06990000000004924	7.838109642665454e-10	0.9356057816957131	0.06439421752048353
0.07000000000004934	7.606492737021652e-10	0.9355122258653518	0.06448777337400562
0.07010000000004944	7.38172013356622e-10	0.9354186793894171	0.06458131987241708
0.07020000000004954	7.16358958250088e-10	0.9353251422669938	0.06467485701665332
0.07030000000004964	6.951904810528638e-10	0.9352316144971662	0.06476838480764963
0.07040000000004974	6.746475344247616e-10	0.9351380960790177	0.06486190324634113
0.07050000000004984	6.547116338763547e-10	0.9350445870116318	0.06495541233366307
0.07060000000004994	6.353648411366868e-10	0.9349510872940907	0.06504891207055058
0.07070000000005004	6.165897480124594e-10	0.9348575969254782	0.06514240245793843
0.07080000000005014	5.983694607241876e-10	0.934764115904876	0.06523588349676147
0.07090000000005024	5.806875847052196e-10	0.9346706442313653	0.0653293551879545
0.07100000000005034	5.635282098499508e-10	0.934577181904027	0.06542281753245209
0.07110000000005044	5.468758961979496e-10	0.9344837289219423	0.06551627053118887
0.07120000000005054	5.307156600411256e-10	0.934390285284192	0.0656097141850994
0.07130000000005064	5.150329604414254e-10	0.9342968509898564	0.06570314849511802
0.07140000000005074	4.998136861469356e-10	0.9342034260380145	0.065796573462179
0.07150000000005084	4.850441428946152e-10	0.9341100104277467	0.06588998908721652
0.07160000000005094	4.70711041088234e-10	0.9340166041581319	0.06598339537116478
0.07170000000005104	4.568014838404287e-10	0.9339232072282482	0.06607679231495772
0.07180000000005114	4.433029553681173e-10	0.9338298196371752	0.06617017991952932
0.07190000000005124	4.302033097308305e-10	0.9337364413839908	0.06626355818581336
0.07200000000005134	4.174907599018269e-10	0.9336430724677729	0.06635692711474361
0.07210000000005144	4.0515386716215633e-10	0.9335497128875996	0.06645028670725373
0.07220000000005154	3.931815308081311e-10	0.9334563626425478	0.0665436369642772
0.07230000000005164	3.815629781629421e-10	0.9333630217316964	0.06663697788674758
0.07240000000005174	3.702877548834317e-10	0.9332696901541204	0.0667303094755982
0.07250000000005184	3.5934571555330503e-10	0.9331763679088977	0.06682363173176241
0.07260000000005194	3.4872701455430845e-10	0.9330830549951051	0.0669169446561733
0.07270000000005204	3.384220972071708e-10	0.9329897514118195	0.0670102482497641
0.07280000000005214	3.284216911743258e-10	0.9328964571581165	0.06710354251346763
0.07290000000005224	3.187167981166888e-10	0.9328031722330722	0.06719682744821691
0.07300000000005234	3.0929868559697314e-10	0.9327098966357621	0.06729010305494475
0.07310000000005244	3.0015887922226855e-10	0.9326166303652629	0.06738336933458378
0.07320000000005254	2.912891550188019e-10	0.9325233734206497	0.0674766262880669
0.07330000000005264	2.8268153203202893e-10	0.932430125800998	0.06756987391632638
0.07340000000005274	2.7432826514539193e-10	0.9323368875053828	0.0676631122202948
0.07350000000005284	2.662218381112836e-10	0.9322436585328798	0.06775634120090443
0.07360000000005294	2.5835495678794794e-10	0.9321504388825637	0.06784956085908757
0.07370000000005304	2.507205425762307e-10	0.9320572285535091	0.06794277119577648
0.07380000000005314	2.433117260502737e-10	0.9319640275447915	0.0680359722119031
0.07390000000005324	2.3612184077642407e-10	0.9318708358554848	0.06812916390839965
0.07400000000005334	2.2914441731479507e-10	0.9317776534846638	0.06822234628619767
0.07410000000005344	2.2237317739808005e-10	0.9316844804314035	0.06831551934622922
0.07420000000005354	2.158020282823847e-10	0.9315913166947781	0.06840868308942595
0.07430000000005364	2.0942505726499212e-10	0.9314981622738616	0.06850183751671941
0.07440000000005374	2.0323652636412823e-10	0.9314050171677285	0.06859498262904129
0.07450000000005384	1.9723086715594093e-10	0.9313118813754526	0.06868811842732286
0.07460000000005394	1.914026757640471e-10	0.9312187548961077	0.0687812449124955
0.07470000000005404	1.8574670799713818e-10	0.9311256377287689	0.06887436208549046
0.07480000000005414	1.8025787463027164e-10	0.9310325298725088	0.06896746994723896
0.07490000000005424	1.749312368255988e-10	0.9309394313264023	0.06906056849867198
0.07500000000005434	1.6976200168841205e-10	0.9308463420895231	0.06915365774072046
0.07510000000005444	1.6474551795451048e-10	0.9307532621609448	0.06924673767431534
0.07520000000005454	1.5987727180500463e-10	0.9306601915397411	0.06933980830038743
0.07530000000005464	1.5515288280479462e-10	0.9305671302249857	0.06943286961986739
0.07540000000005474	1.505680999610653e-10	0.9304740782157522	0.06952592163368575
0.07550000000005484	1.4611879789825454e-10	0.9303810355111141	0.06961896434277312
0.07560000000005494	1.418009731460512e-10	0.9302880021101451	0.06971199774805979
0.07570000000005504	1.3761074053708265e-10	0.9301949780119189	0.06980502185047624
0.07580000000005514	1.3354432971105184e-10	0.9301019632155093	0.06989803665095262
0.07590000000005524	1.2959808172217688e-10	0.930008957719989	0.06999104215041908
0.07600000000005534	1.2576844574688115e-10	0.9299159615244323	0.07008403834980564
0.07610000000005544	1.2205197588877162e-10	0.9298229746279125	0.07017702525004223
0.07620000000005554	1.1844532807803023e-10	0.9297299970295027	0.0702700028520587
0.07630000000005564	1.14945257062429e-10	0.9296370287282762	0.07036297115678489
0.07640000000005574	1.1154861348725981e-10	0.9295440697233076	0.07045593016515048
0.07650000000005584	1.0825234106155409e-10	0.9294511200136696	0.07054887987808492
0.07660000000005594	1.0505347380804008e-10	0.9293581795984358	0.07064182029651776
0.07670000000005604	1.0194913339436407e-10	0.9292652484766795	0.07073475142137844
0.07680000000005614	9.893652654317441e-11	0.9291723266474744	0.07082767325359625
0.07690000000005624	9.601294251873821e-11	0.929079414109894	0.07092058579410034
0.07700000000005634	9.317575068782832e-11	0.9289865108630115	0.07101348904381996
0.07710000000005644	9.04223981526864e-11	0.9288936169059011	0.07110638300368395
0.07720000000005654	8.775040745393227e-11	0.928800732237636	0.07119926767462136
0.07730000000005664	8.515737434135239e-11	0.9287078568572896	0.07129214305756094
0.07740000000005674	8.26409656105621e-11	0.9286149907639356	0.07138500915343146
0.07750000000005684	8.0198917003594e-11	0.9285221339566477	0.0714778659631616
0.07760000000005694	7.782903117152497e-11	0.9284292864344993	0.07157071348767992
0.07770000000005704	7.552917569730715e-11	0.928336448196564	0.07166355172791486
0.07780000000005714	7.32972811770247e-11	0.9282436192419163	0.07175638068479492
0.07790000000005724	7.113133935784997e-11	0.928150799569629	0.07184920035924827
0.07800000000005734	6.902940133102216e-11	0.9280579891787762	0.07194201075220312
0.07810000000005744	6.698957577822491e-11	0.9279651880684313	0.07203481186458745
0.07820000000005754	6.501002726978288e-11	0.9278723962376689	0.07212760369732935
0.07830000000005764	6.308897461314692e-11	0.9277796136855623	0.07222038625135685
0.07840000000005774	6.122468925018177e-11	0.9276868404111858	0.07231315952759768
0.07850000000005784	5.941549370181372e-11	0.9275940764136134	0.07240592352697948
0.07860000000005794	5.765976005863991e-11	0.9275013216919188	0.07249867825043001
0.07870000000005804	5.5955908516139076e-11	0.9274085762451754	0.07259142369887675
0.07880000000005814	5.430240595316795e-11	0.9273158400724588	0.07268415987324718
0.07890000000005824	5.269776455246292e-11	0.9272231131728415	0.07277688677446865
0.07900000000005834	5.114054046190573e-11	0.9271303955453993	0.0728696044034684
0.07910000000005844	4.962933249534938e-11	0.9270376871892052	0.07296231276117358
0.07920000000005854	4.816278087183425e-11	0.9269449881033343	0.07305501184851133
0.07930000000005864	4.6739565992061095e-11	0.9268522982868601	0.0731477016664086
0.07940000000005874	4.535840725101875e-11	0.9267596177388573	0.0732403822157923
0.07950000000005884	4.4018061885699316e-11	0.9266669464583999	0.07333305349758922
0.07960000000005894	4.2717323856863047e-11	0.926574284444563	0.07342571551272604
0.07970000000005904	4.145502276384767e-11	0.9264816316964223	0.07351836826212942
0.07980000000005914	4.02300227914448e-11	0.9263889882130508	0.07361101174672584
0.07990000000005924	3.904122168789637e-11	0.9262963539935238	0.07370364596744175
0.08000000000005934	3.7887549773091484e-11	0.926203729036916	0.07379627092520352
0.08010000000005944	3.676796897607103e-11	0.9261111133423016	0.0738888866209374
0.08020000000005954	3.568147190097411e-11	0.926018506908756	0.0739814930555694
0.08030000000005964	3.462708092058593e-11	0.9259259097353542	0.07407409023002581
0.08040000000005974	3.360384729667142e-11	0.9258333218211707	0.07416667814523244
0.08050000000005984	3.2610850326303045e-11	0.9257407431652813	0.07425925680211518
0.08060000000005994	3.164719651341469e-11	0.9256481737667607	0.07435182620159986
0.08070000000006004	3.071201876483627e-11	0.9255556136246839	0.07444438634461213
0.08080000000006014	2.980447561008567e-11	0.9254630627381263	0.07453693723207762
0.08090000000006024	2.8923750444215614e-11	0.9253705211061626	0.0746294788649218
0.08100000000006034	2.806905079303485e-11	0.925277988727869	0.07472201124407013
0.08110000000006044	2.7239607600041864e-11	0.9251854656023203	0.07481453437044787
0.08120000000006054	2.6434674534429923e-11	0.9250929517285931	0.07490704824498029
0.08130000000006064	2.5653527319540537e-11	0.9250004471057616	0.07499955286859253
0.08140000000006074	2.4895463081161214e-11	0.9249079517329029	0.07509204824220958
0.08150000000006084	2.4159799715081106e-11	0.9248154656090919	0.07518453436675647
0.08160000000006094	2.3445875273335443e-11	0.9247229887334044	0.075277011243158
0.08170000000006104	2.275304736858648e-11	0.9246305211049168	0.07536947887233894
0.08180000000006114	2.2080692596105048e-11	0.9245380627227046	0.07546193725522397
0.08190000000006124	2.14282059728326e-11	0.9244456135858437	0.07555438639273769
0.08200000000006134	2.0795000393019127e-11	0.92435317369341	0.07564682628580463
0.08210000000006144	2.0180506099946834e-11	0.92426074304448	0.0757392569353492
0.08220000000006154	1.958417017326465e-11	0.9241683216381299	0.07583167834229548
0.08230000000006164	1.9005456031471816e-11	0.9240759094734359	0.07592409050756786
0.08240000000006174	1.844384294910342e-11	0.9239835065494748	0.07601649343209048
0.08250000000006184	1.7898825588182828e-11	0.9238911128653226	0.07610888711678725
0.08260000000006194	1.736991354352007e-11	0.9237987284200566	0.07620127156258222
0.08270000000006204	1.6856630901446384e-11	0.9237063532127526	0.0762936467703992
0.08280000000006214	1.6358515811588437e-11	0.923613987242488	0.07638601274116182
0.08290000000006224	1.5875120071296553e-11	0.9235216305083392	0.07647836947579388
0.08300000000006234	1.540600872235308e-11	0.923429283009383	0.076570716975219
0.08310000000006244	1.4950759659598282e-11	0.923336944744697	0.07666305524036052
0.08320000000006254	1.4508963251121034e-11	0.923244615713357	0.07675538427214183
0.08330000000006264	1.4080221969673288e-11	0.9231522959144413	0.07684770407148628
0.08340000000006274	1.3664150034975953e-11	0.9230599853470264	0.07694001463931703
0.08350000000006284	1.3260373066594886e-11	0.9229676840101898	0.07703231597655719
0.08360000000006294	1.2868527747074369e-11	0.922875391903009	0.07712460808412978
0.08370000000006304	1.248826149502494e-11	0.9227831090245614	0.07721689096295771
0.08380000000006314	1.2119232147871695e-11	0.922690835373924	0.0773091646139638
0.08390000000006324	1.1761107653977225e-11	0.9225985709501754	0.07740142903807082
0.08400000000006334	1.1413565773862427e-11	0.9225063157523923	0.07749368423620137
0.08410000000006344	1.1076293790256299e-11	0.9224140697796528	0.07758593020927802
0.08420000000006354	1.0748988226713757e-11	0.9223218330310347	0.07767816695822327
0.08430000000006364	1.0431354574548299e-11	0.9222296055056152	0.07777039448395938
0.08440000000006374	1.0123107027833883e-11	0.9221373872024744	0.07786261278740868
0.08450000000006384	9.823968226237498e-12	0.9220451781206883	0.07795482186949333
0.08460000000006394	9.533669005451088e-12	0.9219529782593358	0.07804702173113548
0.08470000000006404	9.251948154998181e-12	0.9218607876174958	0.07813921237325715
0.08480000000006414	8.97855218319739e-12	0.9217686061942464	0.07823139379678011
0.08490000000006424	8.713235089071298e-12	0.9216764339886656	0.07832356600262622
0.08500000000006434	8.455758140995407e-12	0.9215842709998323	0.07841572899171735
0.08510000000006444	8.205889661888022e-12	0.9214921172268247	0.0785078827649749
0.08520000000006454	7.963404820747847e-12	0.9213999726687218	0.07860002732332057
0.08530000000006464	7.728085430351653e-12	0.9213078373246019	0.0786921626676757
0.08540000000006474	7.49971975092996e-12	0.9212157111935438	0.07878428879896168
0.08550000000006484	7.278102299644176e-12	0.9211235942746275	0.07887640571809974
0.08560000000006494	7.0630336656936334e-12	0.921031486566931	0.07896851342601109
0.08570000000006504	6.85432033088633e-12	0.9209393880695338	0.07906061192361684
0.08580000000006514	6.6517744955117424e-12	0.9208472987815154	0.07915270121183793
0.08590000000006524	6.455213909359126e-12	0.9207552187019544	0.07924478129159528
0.08600000000006534	6.264461707729273e-12	0.9206631478299308	0.07933685216380963
0.08610000000006544	6.079346252292114e-12	0.9205710861645241	0.07942891382940173
0.08620000000006554	5.899700976647015e-12	0.9204790337048138	0.07952096628929219
0.08630000000006564	5.7253642364467315e-12	0.9203869904498788	0.07961300954440147
0.08640000000006574	5.556179163950282e-12	0.9202949563987995	0.07970504359565012
0.08650000000006584	5.391993526873747e-12	0.9202029315506555	0.07979706844395842
0.08660000000006594	5.232659591412081e-12	0.9201109159045266	0.0798890840902466
0.08670000000006604	5.078033989308601e-12	0.9200189094594933	0.07998109053543494
0.08680000000006614	4.9279775888526184e-12	0.9199269122146347	0.08007308778044327
0.08690000000006624	4.782355369689084e-12	0.9198349241690319	0.08016507582619162
0.08700000000006634	4.641036301327631e-12	0.9197429453217644	0.08025705467360002
0.08710000000006644	4.503893225241686e-12	0.9196509756719129	0.08034902432358813
0.08720000000006654	4.370802740451549e-12	0.9195590152185589	0.08044098477707567
0.08730000000006664	4.24164509248854e-12	0.919467063960781	0.08053293603498227
0.08740000000006674	4.116304065640217e-12	0.9193751218976612	0.08062487809822748
0.08750000000006684	3.9946668783797976e-12	0.9192831890282797	0.08071681096773063
0.08760000000006694	3.8766240818856316e-12	0.9191912653517169	0.0808087346444111
0.08770000000006704	3.762069461559439e-12	0.919099350867055	0.08090064912918817
0.08780000000006714	3.6508999414547025e-12	0.9190074455733731	0.08099255442298081
0.08790000000006724	3.5430154915291816e-12	0.9189155494697535	0.08108445052670823
0.08800000000006734	3.4383190376381663e-12	0.9188236625552774	0.08117633744128935
0.08810000000006744	3.3367163741874028e-12	0.9187317848290257	0.08126821516764306
0.08820000000006754	3.23811607936715e-12	0.9186399162900792	0.0813600837066881
0.08830000000006764	3.142429432891071e-12	0.9185480569375194	0.08145194305934314
0.08840000000006774	3.0495703361659654e-12	0.9184562067704285	0.0815437932265268
0.08850000000006784	2.9594552348204696e-12	0.9183643657878883	0.0816356342091576
0.08860000000006794	2.872003043523056e-12	0.9182725339889795	0.08172746600815393
0.08870000000006804	2.7871350730216657e-12	0.9181807113727841	0.0818192886244341
0.08880000000006814	2.7047749593393247e-12	0.9180888979383844	0.08191110205891632
0.08890000000006824	2.6248485950620363e-12	0.9179970936848622	0.08200290631251879
0.08900000000006834	2.547284062657128e-12	0.917905298611299	0.08209470138615951
0.08910000000006844	2.472011569762044e-12	0.917813512716777	0.08218648728075643
0.08920000000006854	2.3989633863853625e-12	0.9177217360003793	0.0822782639972273
0.08930000000006864	2.3280737839635233e-12	0.9176299684611863	0.08237003153649004
0.08940000000006874	2.2592789762184353e-12	0.9175382100982833	0.08246178989946225
0.08950000000006884	2.1925170617627635e-12	0.9174464609107512	0.08255353908706156
0.08960000000006894	2.1277279684012094e-12	0.9173547208976723	0.08264527910020542
0.08970000000006904	2.064853399077721e-12	0.9172629900581292	0.08273700993981131
0.08980000000006914	2.0038367794199457e-12	0.9171712683912053	0.0828287316067964
0.08990000000006924	1.944623206833756e-12	0.9170795558959821	0.08292044410207795
0.09000000000006934	1.8871594011020448e-12	0.9169878525715446	0.08301214742657315
0.09010000000006944	1.8313936564433323e-12	0.9168961584169745	0.08310384158119898
0.09020000000006954	1.7772757949870265e-12	0.9168044734313553	0.08319552656687239
0.09030000000006964	1.7247571216235172e-12	0.9167127976137701	0.08328720238451026
0.09040000000006974	1.6737903801884356e-12	0.9166211309633021	0.08337886903502935
0.09050000000006984	1.6243297109416891e-12	0.916529473479035	0.08347052651934632
0.09060000000006994	1.5763306093029845e-12	0.916437825160052	0.08356217483837756
0.09070000000007004	1.5297498858067245e-12	0.9163461860054368	0.08365381399303978
0.09080000000007014	1.4845456272402386e-12	0.9162545560142731	0.08374544398424925
0.09090000000007024	1.4406771589303855e-12	0.9161629351856438	0.08383706481292238
0.09100000000007034	1.3981050081445893e-12	0.9160713235186336	0.08392867647997532
0.09110000000007044	1.3567908685733755e-12	0.9159797210123263	0.08402027898632423
0.09120000000007054	1.3166975658624604e-12	0.9158881276658056	0.08411187233288503
0.09130000000007064	1.2777890241633565e-12	0.9157965434781558	0.08420345652057377
0.09140000000007074	1.2400302336724274e-12	0.9157049684484608	0.08429503155030618
0.09150000000007084	1.2033872191291518e-12	0.9156134025758056	0.08438659742299803
0.09160000000007094	1.1678270092452781e-12	0.9155218458592741	0.08447815413956505
0.09170000000007104	1.1333176070373428e-12	0.9154302982979508	0.08456970170092279
0.09180000000007114	1.0998279610358657e-12	0.9153387598909202	0.0846612401079867
0.09190000000007124	1.0673279373453282e-12	0.9152472306372668	0.08475276936167223
0.09200000000007134	1.0357882925297652e-12	0.9151557105360761	0.08484428946289448
0.09210000000007144	1.005180647299603e-12	0.9150641995864326	0.08493580041256876
0.09220000000007154	9.75477460976045e-13	0.9149726977874213	0.08502730221161024
0.09230000000007164	9.466520067100445e-13	0.9148812051381267	0.08511879486093389
0.09240000000007174	9.186783474335562e-13	0.9147897216376332	0.0852102783614546
0.09250000000007184	8.91531312521428e-13	0.9146982472850275	0.08530175271408721
0.09260000000007194	8.651864751429407e-13	0.9146067820793945	0.08539321791974654
0.09270000000007204	8.396201302826086e-13	0.9145153260198196	0.08548467397934717
0.09280000000007214	8.148092734104694e-13	0.9144238791053878	0.08557612089380374
0.09290000000007224	7.907315797826683e-13	0.914332441335185	0.08566755866403054
0.09300000000007234	7.673653843537134e-13	0.9142410127082972	0.08575898729094218
0.09310000000007244	7.446896622823215e-13	0.9141495932238087	0.08585040677545282
0.09320000000007254	7.226840100133254e-13	0.9140581828808071	0.08594181711847658
0.09330000000007264	7.01328626918605e-13	0.9139667816783777	0.08603321832092765
0.09340000000007274	6.806042974805357e-13	0.9138753896156063	0.08612461038372
0.09350000000007284	6.604923740019165e-13	0.9137840066915788	0.08621599330776768
0.09360000000007294	6.4097475982682e-13	0.9136926329053819	0.08630736709398434
0.09370000000007304	6.220338930572678e-13	0.9136012682561014	0.08639873174328383
0.09380000000007314	6.036527307510842e-13	0.9135099127428238	0.08649008725657982
0.09390000000007324	5.858147335867001e-13	0.913418566364636	0.08658143363478579
0.09400000000007334	5.685038509811136e-13	0.9133272291206237	0.08667277087881521
0.09410000000007344	5.517045066476176e-13	0.9132359010098741	0.08676409898958144
0.09420000000007354	5.354015845803004e-13	0.9131445820314743	0.0868554179679979
0.09430000000007364	5.195804154527012e-13	0.9130532721845106	0.08694672781497755
0.09440000000007374	5.042267634183882e-13	0.9129619714680699	0.08703802853143369
0.09450000000007384	4.893268133015843e-13	0.9128706798812387	0.08712932011827922
0.09460000000007394	4.748671581663043e-13	0.9127793974231057	0.08722060257642712
0.09470000000007404	4.608347872528325e-13	0.9126881240927566	0.08731187590679013
0.09480000000007414	4.472170742706724e-13	0.9125968598892793	0.08740314011028096
0.09490000000007424	4.3400176603744615e-13	0.9125056048117611	0.08749439518781231
0.09500000000007434	4.2117697145351174e-13	0.9124143588592891	0.0875856411402968
0.09510000000007444	4.0873115080238365e-13	0.9123231220309513	0.08767687796864673
0.09520000000007454	3.966531053673257e-13	0.9122318943258358	0.08776810567377459
0.09530000000007464	3.8493196735477525e-13	0.9121406757430296	0.08785932425659264
0.09540000000007474	3.735571901155304e-13	0.9120494662816208	0.08795053371801302
0.09550000000007484	3.625185386549046e-13	0.9119582659406973	0.08804173405894793
0.09560000000007494	3.518060804233035e-13	0.911867074719347	0.0881329252803093
0.09570000000007504	3.414101763789438e-13	0.9117758926166575	0.08822410738300895
0.09580000000007514	3.3132147231466814e-13	0.9116847196317172	0.08831528036795883
0.09590000000007524	3.2153089044105486e-13	0.9115935557636146	0.08840644423607055
0.09600000000007534	3.1202962121824653e-13	0.9115024010114386	0.08849759898825596
0.09610000000007544	3.028091154291488e-13	0.9114112553742775	0.0885887446254264
0.09620000000007554	2.93861076486868e-13	0.9113201188512197	0.08867988114849347
0.09630000000007564	2.8517745296946313e-13	0.9112289914413534	0.08877100855836838
0.09640000000007574	2.7675043137529903e-13	0.9111378731437673	0.08886212685596241
0.09650000000007584	2.68572429092476e-13	0.9110467639575504	0.08895323604218683
0.09660000000007594	2.6063608757601747e-13	0.9109556638817922	0.08904433611795276
0.09670000000007604	2.5293426572666956e-13	0.910864572915581	0.08913542708417117
0.09680000000007614	2.4546003346535923e-13	0.9107734910580068	0.0892265089417529
0.09690000000007624	2.3820666549752643e-13	0.9106824183081583	0.0893175816916088
0.09700000000007634	2.3116763526172304e-13	0.9105913546651238	0.08940864533464966
0.09710000000007644	2.243366090570285e-13	0.9105003001279939	0.08949969987178613
0.09720000000007654	2.1770744034400406e-13	0.9104092546958579	0.08959074530392871
0.09730000000007664	2.1127416421405144e-13	0.9103182183678046	0.08968178163198784
0.09740000000007674	2.0503099202220408e-13	0.910227191142925	0.08977280885687382
0.09750000000007684	1.9897230617851981e-13	0.9101361730203075	0.08986382697949703
0.09760000000007694	1.9309265509338798e-13	0.9100451639990432	0.08995483600076756
0.09770000000007704	1.8738674827220346e-13	0.9099541640782212	0.09004583592159555
0.09780000000007714	1.8184945155499364e-13	0.9098631732569312	0.09013682674289096
0.09790000000007724	1.7647578249671455e-13	0.9097721915342631	0.09022780846556375
0.09800000000007734	1.7126090588405993e-13	0.9096812189093085	0.09031878109052373
0.09810000000007744	1.6620012938474938e-13	0.9095902553811562	0.09040974461868062
0.09820000000007754	1.612888993253793e-13	0.9094993009488977	0.09050069905094404
0.09830000000007764	1.5652279659404066e-13	0.9094083556116235	0.09059164438822355
0.09840000000007774	1.5189753266401235e-13	0.9093174193684224	0.09068258063142849
0.09850000000007784	1.4740894573495748e-13	0.9092264922183871	0.09077350778146846
0.09860000000007794	1.4305299698814514e-13	0.9091355741606078	0.09086442583925256
0.09870000000007804	1.3882576695233267e-13	0.9090446651941751	0.09095533480569
0.09880000000007814	1.347234519770356e-13	0.9089537653181791	0.09104623468168992
0.09890000000007824	1.3074236081001266e-13	0.9088628745317122	0.09113712546816123
0.09900000000007834	1.2687891127588719e-13	0.9087719928338648	0.0912280071660129
0.09910000000007844	1.2312962705291437e-13	0.9086811202237277	0.09131887977615365
0.09920000000007854	1.1949113454499715e-13	0.9085902567003932	0.0914097432994923
0.09930000000007864	1.1596015984613218e-13	0.9084994022629516	0.09150059773693744
0.09940000000007874	1.1253352579455883e-13	0.9084085569104945	0.09159144308939769
0.09950000000007884	1.092081491139567e-13	0.9083177206421139	0.09168227935778149
0.09960000000007894	1.0598103763912155e-13	0.9082268934569011	0.09177310654299702
0.09970000000007904	1.0284928762362347e-13	0.9081360753539487	0.09186392464595267
0.09980000000007914	9.981008112702329e-14	0.9080452663323474	0.09195473366755674
0.09990000000007924	9.686068347929699e-14	0.9079544663911898	0.09204553360871723
