# time	A	B	C
0	1.0	0.0	0.0
0.0001	0.97044553375	0.02955298118712375	1.48506287625e-06
0.0002	0.9417645339753223	0.058229584638807036	5.881385870576554e-06
0.00030000000000000003	0.9139311858405017	0.08605571152675444	1.3102632743814386e-05
0.0004	0.8869204374537561	0.11305649752733603	2.3065018907813324e-05
0.0005	0.8607079773185938	0.13925633544539337	3.568723601275155e-05
0.0006000000000000001	0.8352702124518256	0.16467889716941103	5.089037876323054e-05
0.0007000000000000001	0.8105842471482878	0.1893471549778148	6.859787389728125e-05
0.0008000000000000001	0.7866278623731621	0.21328340221557346	8.873541126435788e-05
0.0009000000000000002	0.7633794957633449	0.2365092733597148	0.00011123087694028477
0.0010000000000000002	0.740818222219865	0.2590457634918159	0.00013601428831895527
0.0011000000000000003	0.7189237350738831	0.2809132471949945	0.00016301773112236087
0.0012000000000000003	0.6976763278093181	0.30213149689240965	0.00019217529827225525
0.0013000000000000004	0.6770568763256537	0.3227197006437779	0.0002234230305684338
0.0014000000000000004	0.6570468217249568	0.34269647941592307	0.00025669885912023467
0.0015000000000000005	0.6376281536076167	0.36207990384290384	0.0002919425494794463
0.0016000000000000005	0.6187833938617706	0.38088751049080505	0.00032909564742433713
0.0017000000000000006	0.6004955809318224	0.39913631764183155	0.00036810142634600897
0.0018000000000000006	0.5827482545518987	0.4168428406119115	0.000408904836189719
0.0019000000000000006	0.5655254409304982	0.4340231066155965	0.0004514524539052137
0.0020000000000000005	0.5488116383730014	0.45069266919163703	0.0004956924353614764
0.0021000000000000003	0.5325918033290993	0.466866622202218	0.0005415744686826094
0.0022	0.5168513368525828	0.4825596134184542	0.0005890497289628484
0.0023	0.5015760714613058	0.49778585770437417	0.0006380708343199514
0.0024	0.486752258385495	0.5125591498112575	0.000688591803247405
0.0024999999999999996	0.47236655519292964	0.5268928767938432	0.0007405680132270652
0.0025999999999999994	0.45840601377985146	0.5408000300595835	0.0007939561605649779
0.0026999999999999993	0.4448580687167978	0.5542932170617879	0.0008487142214142313
0.002799999999999999	0.431710525938867	0.5673846726471832	0.0009048014139497563
0.002899999999999999	0.418951551770237	0.5800862700681019	0.0009621781616610313
0.0029999999999999988	0.4065696622730584	0.5924095316692118	0.001020806057729651
0.0030999999999999986	0.3945537129111354	0.6043656392584048	0.0010806478304596977
0.0031999999999999984	0.38289288851909103	0.615965444171179	0.0011416673097297979
0.0032999999999999982	0.37157669356798856	0.6272194770375746	0.001203829394436673
0.003399999999999998	0.36059494271864684	0.6381379572604522	0.0012671000209008767
0.003499999999999998	0.3499377516541479	0.6487308022136458	0.0013314461322062841
0.0035999999999999977	0.33959552818328453	0.6590076361682697	0.0013968356484457367
0.0036999999999999976	0.3295589636069407	0.6689777989552133	0.0014632374378460602
0.0037999999999999974	0.3198190243396344	0.6786503543716191	0.0015306212887464684
0.0038999999999999972	0.31036694377868074	0.6880340983389142	0.0015989578824051292
0.0039999999999999975	0.30119421441365807	0.6971375668197325	0.0016682187666094193
0.004099999999999998	0.29229258016907433	0.7059690435008595	0.0017383763300661123
0.004199999999999998	0.283654028973342	0.7145365672491095	0.0018094037775484516
0.004299999999999998	0.2752707855473729	0.7228479393468494	0.0018812751057777398
0.0043999999999999985	0.26713530440630207	0.7309107305136803	0.0019539650800177322
0.004499999999999999	0.25924026306804254	0.7387322877205967	0.002027449211360773
0.004599999999999999	0.251578555462557	0.7463197408027579	0.0021017037346852245
0.004699999999999999	0.24414328553591508	0.7536800088768206	0.002176705587264358
0.0048	0.23692776104337976	0.7608198065686128	0.002252432388007441
0.0049	0.2299254875259351	0.7677456500567506	0.002328862417314348
0.005	0.22313016246483508	0.7744638629376394	0.002405974597525556
0.0051	0.2165356696089111	0.7809805819171389	0.0024837484739499275
0.005200000000000001	0.2101360734695334	0.7873017623340134	0.0025621641964532122
0.005300000000000001	0.20392561397827055	0.7934331835201388	0.002641202501590686
0.005400000000000001	0.19789870130243922	0.799380454002293	0.0027208446952678537
0.005500000000000001	0.19204991081387746	0.805149016550209	0.002801072635913602
0.005600000000000002	0.18637397820641322	0.8107441530754361	0.0028818687181506653
0.005700000000000002	0.18086579475763354	0.8161709893854178	0.0029632158569486977
0.005800000000000002	0.17552040273068964	0.8214344997970646	0.0030450974722456958
0.0059000000000000025	0.17033299091199908	0.826539511613977	0.0031274974740239255
0.006000000000000003	0.16529889028082884	0.8314907094713442	0.003210400247826922
0.006100000000000003	0.16041356980686164	0.8362926395524338	0.003293790640704529
0.006200000000000003	0.15567263237196272	0.8409497136804639	0.00337765394757332
0.0063000000000000035	0.1510718108124769	0.8454662132895429	0.003461975897980137
0.006400000000000004	0.14660696407849316	0.8498462932782499	0.0035467426432568175
0.006500000000000004	0.14227407350662039	0.8540939857493249	0.0036319407440545664
0.006600000000000004	0.13806923920291894	0.8582132036388342	0.0037175571582467332
0.0067000000000000046	0.1339886765327331	0.8622077442380777	0.0038035792291891226
0.006800000000000005	0.13002871271426428	0.8660812926114083	0.0038899946743272636
0.006900000000000005	0.12618578351281962	0.8698374249130398	0.003976791574140383
0.007000000000000005	0.12245643003276019	0.8734796116058275	0.0040639583614121375
0.007100000000000006	0.1188372956042615	0.87701122058492	0.0041514838108184385
0.007200000000000006	0.11532512276208408	0.8804355202090929	0.004239357028823008
0.007300000000000006	0.11191675031363496	0.8837556822424935	0.004327567443871565
0.007400000000000006	0.10860911049368097	0.8869747847094432	0.004416104796875814
0.007500000000000007	0.10539922620315295	0.8900958146648684	0.004504959131978677
0.007600000000000007	0.10228420832955576	0.8931216708828519	0.004594120787592457
0.007700000000000007	0.09926125314657193	0.8960551664657264	0.004683580387701854
0.0078000000000000074	0.09632763979051887	0.8988990313760572	0.004773328833424031
0.007900000000000008	0.09348072781138782	0.9016559148937942	0.004863357294818102
0.008000000000000007	0.09071795479626071	0.9043283880008026	0.004953657202936696
0.008100000000000007	0.0880368340629656	0.906918945694922	0.005044220242112431
0.008200000000000006	0.08543495242189483	0.9094300092356329	0.005135038342472354
0.008300000000000005	0.08290996800397159	0.9118639283233548	0.005226103672673615
0.008400000000000005	0.08045960815280963	0.9142229832143366	0.005317408632853836
0.008500000000000004	0.07808166737916919	0.9165093867730411	0.005408945847789826
0.008600000000000003	0.07577400537586781	0.9187252864638737	0.005500708160258484
0.008700000000000003	0.07353454509135941	0.9208727662840467	0.005592688624593925
0.008800000000000002	0.07136127086024772	0.9229538486393173	0.005684880500435011
0.008900000000000002	0.06925222658905142	0.924970496164291	0.005777277246657678
0.009000000000000001	0.06720551399558794	0.9269246134889255	0.005869872515486589
0.0091	0.06521929090039143	0.9288180489528278	0.005962660146780812
0.0092	0.06329176956862688	0.9306525962688849	0.006055634162488381
0.0093	0.06142121510100812	0.9324299961377273	0.006148788761264751
0.009399999999999999	0.05960594387227139	0.9341519378144785	0.0062421183132503055
0.009499999999999998	0.05784432201579895	0.935820060629199	0.006335617355002201
0.009599999999999997	0.05613476395302889	0.9374359554623952	0.006429280584576012
0.009699999999999997	0.05447573096632738	0.93900116617692	0.006523102856752723
0.009799999999999996	0.052865729814038975	0.9405171910075543	0.006617079178406795
0.009899999999999996	0.05130331138646834	0.9419854839095205	0.006711204704011117
0.009999999999999995	0.04978706940158372	0.9434074558671415	0.006805474731274812
0.010099999999999994	0.04831563913926821	0.9447844761638219	0.006899884696909963
0.010199999999999994	0.04688769621297953	0.9461178736144971	0.006994430172523452
0.010299999999999993	0.045501955377712774	0.947408937761657	0.007089106860630215
0.010399999999999993	0.04415716937319315	0.9486589200360226	0.007183910590784318
0.010499999999999992	0.042852127801257585	0.9498690348829181	0.007278837315824382
0.010599999999999991	0.041585656036414634	0.9510404608553554	0.007373883108229973
0.01069999999999999	0.04035661416860231	0.9521743416748121	0.007469044156585672
0.01079999999999999	0.03916389597719208	0.9532717872606583	0.0075643167621496496
0.01089999999999999	0.03800642793531565	0.9543338747291608	0.007659697335523658
0.010999999999999989	0.0368831682436183	0.9553616493629603	0.007755182393421438
0.011099999999999988	0.03579310589256921	0.9563561255518982	0.007850768555532628
0.011199999999999988	0.0347352597524846	0.9573182877060361	0.007946452541479365
0.011299999999999987	0.03370867769044481	0.9582490911416924	0.008042231167862833
0.011399999999999987	0.03271243571331043	0.9591494629412926	0.008138101345397096
0.011499999999999986	0.0317456371360661	0.9600203027878064	0.008234060076127635
0.011599999999999985	0.03080741177474349	0.9608624837745245	0.008330104450732095
0.011699999999999985	0.029896915163196983	0.9616768531909023	0.00842623164590081
0.011799999999999984	0.029013327793027163	0.9624642332851783	0.008522438921794733
0.011899999999999984	0.028155854375967956	0.9632254220044537	0.008618723619578514
0.011999999999999983	0.027323723128073497	0.9639611937129002	0.008715083159026466
0.012099999999999982	0.026516185075060504	0.9646722998887404	0.008811515036199301
0.012199999999999982	0.025732513378180874	0.9653594698006298	0.008908016821189526
0.012299999999999981	0.024972002680017754	0.966023411164049	0.009004586155933459
0.01239999999999998	0.02423396846961626	0.966664810778296	0.009101220752087934
0.01249999999999998	0.023517746466377422	0.9672843351446531	0.009197918388969734
0.01259999999999998	0.022822692022160813	0.9678826310662835	0.009294676911555944
0.012699999999999979	0.022148179541057716	0.9684603262303991	0.009391494228543384
0.012799999999999978	0.021493601916312586	0.9690180297732223	0.009488368310465413
0.012899999999999977	0.02085836998388599	0.9695563328282499	0.009585297187864368
0.012999999999999977	0.02024191199216722	0.970075809058315	0.00968227894951804
0.013099999999999976	0.019643673087359245	0.9705770151719225	0.009779311740718544
0.013199999999999976	0.019063114814072853	0.9710604914243254	0.009876393761602075
0.013299999999999975	0.018499714630680463	0.9715267621037919	0.009973523265528006
0.013399999999999974	0.017952965438993385	0.971976336003501	0.01007069855750591
0.013499999999999974	0.01742237512783924	0.972409706879492	0.010167917992669065
0.013599999999999973	0.016907466130128675	0.9728273538950786	0.010265179974793063
0.013699999999999973	0.01640777499301277	0.9732297420521293	0.010362482954858216
0.013799999999999972	0.01592285196074418	0.9736173226096017	0.010459825429654443
0.013899999999999971	0.01545226056986662	0.9739905334897063	0.010557205940427387
0.01399999999999997	0.01499557725636829	0.9743497996720675	0.010654623071564544
0.01409999999999997	0.014552390974445686	0.9746955335762344	0.010752075449320232
0.01419999999999997	0.014122302826534625	0.9750281354328875	0.01084956174057823
0.014299999999999969	0.013704925704275528	0.9753479936440738	0.010947080651650997
0.014399999999999968	0.01329988394008976	0.9756554851327962	0.011044630927114375
0.014499999999999968	0.01290681296905346	0.9759509756822702	0.011142211348676732
0.014599999999999967	0.012525359000764506	0.9762348202651543	0.011239820734081526
0.014699999999999967	0.012155178700907278	0.9765073633630508	0.011337457936042305
0.014799999999999966	0.011795938882228595	0.9767689392765626	0.011435121841209183
0.014899999999999965	0.011447316204646707	0.9770198724261878	0.011532811369165858
0.014999999999999965	0.011108996884223397	0.9772604776443207	0.011630525471456276
0.015099999999999964	0.010780676410737261	0.977491060458623	0.011728263130640057
0.015199999999999964	0.010462059273603956	0.9777119173670206	0.011826023359375847
0.015299999999999963	0.010152858695896728	0.9779233361045719	0.011923805199531746
0.015399999999999962	0.009852796376227829	0.9781255959024505	0.012021607721322044
0.015499999999999962	0.009561602238258481	0.9783189677392724	0.012119430022469452
0.015599999999999961	0.009279014187611947	0.9785037145849963	0.012217271227392112
0.01569999999999996	0.009004777875970899	0.9786800916376148	0.012315130486414617
0.01579999999999996	0.00873864647214677	0.9788483465528512	0.012413006975002363
0.01589999999999996	0.008480380439915027	0.9790087196670668	0.012510899893018517
0.01599999999999996	0.008229747322416398	0.979161444213581	0.012608808464002958
0.016099999999999958	0.007986521532930014	0.9793067465325979	0.012706731934472514
0.016199999999999957	0.0077504841518301355	0.9794448462749283	0.012804669573241894
0.016299999999999957	0.007521422729543712	0.979575956599692	0.01290262067076468
0.016399999999999956	0.007299131095331429	0.9797002843661752	0.013000584538493797
0.016499999999999956	0.007083409171720131	0.9798180303200194	0.01309856050826089
0.016599999999999955	0.006874062794419588	0.9799293892739067	0.013196547931674038
0.016699999999999954	0.006670903537561533	0.9800345502829055	0.013294546179533264
0.016799999999999954	0.006473748544103665	0.9801336968146334	0.013392554641263333
0.016899999999999953	0.006282420361245967	0.9802270069143911	0.013490572724363298
0.016999999999999953	0.00609674678071121	0.9803146533654169	0.013588599853872322
0.017099999999999952	0.005916560683745885	0.9803968038444033	0.013686635471851288
0.01719999999999995	0.00574169989070204	0.9804736210724188	0.013784679036879731
0.01729999999999995	0.005572007015064658	0.9805452629613682	0.01388273002356763
0.01739999999999995	0.0054073293217931665	0.9806118827561258	0.013980787922081636
0.01749999999999995	0.005247518589849595	0.9806736291724657	0.014078852237685301
0.01759999999999995	0.005092430978789637	0.980730646530918	0.014176922490292895
0.01769999999999995	0.0049419268992965445	0.9807830748866676	0.014274998214036402
0.017799999999999948	0.004795870887541317	0.9808310501556139	0.01437307895684533
0.017899999999999947	0.00465413148325612	0.9808747042367055	0.014471164280038923
0.017999999999999947	0.0045165811114111646	0.980914165130659	0.014569253757930434
0.018099999999999946	0.0043830959673885755	0.980949557055169	0.014667346977443093
0.018199999999999945	0.004253555905549879	0.9809810005567133	0.014765443537737417
0.018299999999999945	0.004127844331096817	0.9810086126190543	0.014863543049849546
0.018399999999999944	0.0040058480951281625	0.9810325067685322	0.014961645136340261
0.018499999999999944	0.0038874573927980705	0.9810527931762482	0.015059749430954375
0.018599999999999943	0.003772565664484307	0.9810695787572261	0.015157855578290197
0.018699999999999942	0.0036610694998773967	0.9810829672666445	0.01525596323347875
0.018799999999999942	0.003552868544904366	0.9810930593932238	0.01535407206187249
0.01889999999999994	0.003447865411403303	0.9810999528498541	0.015452181738743206
0.01899999999999994	0.0033459655894674417	0.9811037424615443	0.015550291948988864
0.01909999999999994	0.003247077362379865	0.9811045202507717	0.0156484023868491
0.01919999999999994	0.00315111172406227	0.9811023755203092	0.015746512755629136
0.01929999999999994	0.0030579822989634923	0.9810973949336053	0.015844622767431843
0.019399999999999938	0.002967605264315678	0.9810896625927872	0.01594273214289773
0.019499999999999938	0.002879899274688138	0.9810792601143599	0.016040840610952616
0.019599999999999937	0.0027947853887709683	0.9810662667026668	0.01613894790856276
0.019699999999999936	0.0027121869983225437	0.9810507592211808	0.016237053780497227
0.019799999999999936	0.002632029759216931	0.9810328122616864	0.01633515797909728
0.019899999999999935	0.002554241524529159	0.9810124982114189	0.016433260264052573
0.019999999999999934	0.002478752279598113	0.9809898873182186	0.016531360402183986
0.020099999999999934	0.00240549407900862	0.9809650477537591	0.016629458167232856
0.020199999999999933	0.002334400985435985	0.9809380456749082	0.016727553339656438
0.020299999999999933	0.0022654090102979503	0.9809089452832732	0.01682564570642943
0.020399999999999932	0.0021984560561606535	0.9808778088829886	0.01692373506085133
0.02049999999999993	0.0021334818608467455	0.9808446969367943	0.017021821202359535
0.02059999999999993	0.002070427943195363	0.9808096681204573	0.017119903936347908
0.02069999999999993	0.0020092375504251387	0.9807727793755847	0.017217983073990754
0.02079999999999993	0.0019498556070528662	0.9807340859608757	0.01731605843207197
0.02089999999999993	0.001892228665321849	0.9806936415018594	0.017414129832819255
0.02099999999999993	0.0018363048570953118	0.9806514980391621	0.017512197103743223
0.021099999999999928	0.0017820338471715774	0.9806077060753478	0.01761026007748126
0.021199999999999927	0.0017293667879789874	0.9805623146203756	0.017708318591646007
0.021299999999999927	0.0016782562756097914	0.9805153712357124	0.01780637248867831
0.021399999999999926	0.0016286563071534312	0.9804669220771426	0.017904421615704533
0.021499999999999925	0.0015805222392908155	0.9804170119363117	0.018002465824398062
0.021599999999999925	0.0015338107481123206	0.9803656842810433	0.018100504970844936
0.021699999999999924	0.0014884797901233478	0.9803129812944638	0.01819853891541341
0.021799999999999924	0.0014444885644023403	0.9802589439129707	0.01829656752262741
0.021899999999999923	0.0014017974758772003	0.9802036118630796	0.0183945906610437
0.021999999999999922	0.0013603680996870523	0.9801470236971808	0.018492608203132706
0.022099999999999922	0.0013201631465972747	0.9800892168282405	0.018590620025162822
0.02219999999999992	0.0012811464294366717	0.9800302275634757	0.018688626007088184
0.02229999999999992	0.0012432828305265775	0.9799700911370343	0.01878662603243973
0.02239999999999992	0.0012065382700725753	0.9799088417417086	0.018884619988219477
0.02249999999999992	0.001170879675490382	0.9798465125597123	0.018982607764797946
0.02259999999999992	0.0011362749516382906	0.9797831357925477	0.019080589255814597
0.022699999999999918	0.0011026929519293764	0.97971874268999	0.019178564358081213
0.022799999999999918	0.0010701034502974668	0.979653363578215	0.019276532971488146
0.022899999999999917	0.0010384771139916418	0.9795870278870956	0.01937449499891333
0.022999999999999916	0.0010077854771747784	0.9795197641766918	0.01947245034613397
0.023099999999999916	0.0009780009153023763	0.9794516001629574	0.019570398921740867
0.023199999999999915	0.0009490966202586031	0.9793825627426868	0.019668340637055252
0.023299999999999915	0.0009210465762271812	0.9793126780177254	0.01976627540604809
0.023399999999999914	0.0008938255362753969	0.9792419713184635	0.019864203145261765
0.023499999999999913	0.0008674089996301576	0.9791704672266364	0.01996212377373408
0.023599999999999913	0.0008417731896256418	0.9790981895974504	0.0200600372129245
0.023699999999999912	0.0008168950323026959	0.9790251615810552	0.02015794338664259
0.02379999999999991	0.0007927521356407132	0.9789514056433812	0.02025584222097854
0.02389999999999991	0.0007693227694033043	0.9788769435863615	0.02035373364423577
0.02399999999999991	0.0007465858455796178	0.9788017965675554	0.020451617586865516
0.02409999999999991	0.0007245208994037073	0.9787259851191935	0.020549493981403343
0.02419999999999991	0.0007031080709348608	0.9786495291666581	0.020647362762407542
0.02429999999999991	0.0006823280871823138	0.9785724480464189	0.020745223866399362
0.024399999999999908	0.0006621622447582571	0.9784947605234373	0.020843077231804966
0.024499999999999907	0.0006425923930435249	0.9784164848080579	0.020940922798899152
0.024599999999999907	0.0006236009178508133	0.9783376385723991	0.021038760509750707
0.024699999999999906	0.0006051707255707225	0.9782582389662605	0.02113659030816938
0.024799999999999905	0.0005872852277863546	0.9781783026325599	0.021234412139654428
0.024899999999999905	0.0005699283263426192	0.9780978457223134	0.021332225951344687
0.024999999999999904	0.0005530843988568073	0.9780168839091737	0.0214300316919701
0.025099999999999904	0.0005367382846573922	0.9779354324035385	0.021527829311804705
0.025199999999999903	0.0005208752711384024	0.9778535059662412	0.021625618762620983
0.025299999999999902	0.0005054810805170829	0.977771118921838	0.021723399997645578
0.025399999999999902	0.0004905418569829273	0.9776882851715014	0.02182117297151631
0.0254999999999999	0.00047604415422651303	0.9776050182055337	0.02191893764024048
0.0255999999999999	0.00046197492333691575	0.9775213311155094	0.022016693961154375
0.0256999999999999	0.0004483215010568085	0.97743723660606	0.022114441892883994
0.0257999999999999	0.0004350715983846757	0.9773527470063091	0.022212181395306937
0.0258999999999999	0.0004222132895138823	0.9772678742809715	0.0223099124295154
0.025999999999999898	0.00040973500109864276	0.9771826300411218	0.02240763495778028
0.026099999999999898	0.0003976255018372292	0.9770970255546472	0.022505348943516343
0.026199999999999897	0.0003858738923630415	0.9770110717563893	0.022603054351248396
0.026299999999999896	0.0003744695954344419	0.9769247792579878	0.0227007511465785
0.026399999999999896	0.0003634023464145235	0.9768381583574322	0.022798439296154115
0.026499999999999895	0.00035266218403224464	0.9767512190483313	0.022896118767637204
0.026599999999999895	0.0003422394414166124	0.9766639710289099	0.022993789529674246
0.026699999999999894	0.00033212473739584625	0.9765764237107377	0.023091451551867145
0.026799999999999893	0.0003223089680536906	0.976488586227202	0.023189104804744978
0.026899999999999893	0.00031278329853527546	0.9764004674417288	0.023286749259736592
0.026999999999999892	0.000303539155095151	0.9763120759557615	0.023384384889144023
0.02709999999999989	0.00029456821738033784	0.9762234201165036	0.023482011666116666
0.02719999999999989	0.000285862410941448	0.9761345080244329	0.02357962956462624
0.02729999999999989	0.0002774138999651353	0.976045347540593	0.02367723855944248
0.02739999999999989	0.00026921508022133484	0.9759559462936698	0.023774838626109556
0.02749999999999989	0.00026125857221894237	0.9758663116868586	0.023872429740923167
0.02759999999999989	0.00025353721456377443	0.9757764509045286	0.023970011880908342
0.027699999999999888	0.00024604405751283033	0.97568637091869	0.024067585023797872
0.027799999999999887	0.00023877235671905433	0.9755960784952703	0.02416514914801139
0.027899999999999887	0.00023171556716096808	0.9755055802002047	0.024262704232635084
0.027999999999999886	0.00022486733725170965	0.9754148824053471	0.02436025025740197
0.028099999999999885	0.00021822150312217662	0.9753239912942059	0.024457787202672793
0.028199999999999885	0.00021177208307312798	0.9752329128675102	0.02455531504941746
0.028299999999999884	0.00020551327219125103	0.9751416529486125	0.024652833779197043
0.028399999999999884	0.00019943943712434764	0.9750502171887302	0.02475034337414629
0.028499999999999883	0.00019354511101093711	0.9749586110720332	0.024847843816956688
0.028599999999999882	0.00018782498855971188	0.9748668399205811	0.024945335090859985
0.028699999999999882	0.00018227392127441724	0.9747749088991141	0.025042817179612237
0.02879999999999988	0.0001768869128198573	0.9746828230197027	0.025140290067478296
0.02889999999999988	0.00017165911452485616	0.9745905871462591	0.025237753739216783
0.02899999999999988	0.00016658582101812641	0.9744982059989171	0.025335208180065478
0.02909999999999988	0.00016166246599311765	0.9744056841582804	0.02543265337572717
0.02919999999999988	0.0001568846180980323	0.9743130260695468	0.0255300893123559
0.029299999999999878	0.00015224797694730986	0.9742202360465099	0.025627515976543627
0.029399999999999878	0.00014774836925098982	0.9741273182754425	0.025724933355307282
0.029499999999999877	0.0001433817450584689	0.9740342768188661	0.025822341436076205
0.029599999999999876	0.00013914417411327228	0.9739411156192076	0.025919740206679948
0.029699999999999876	0.00013503184231555745	0.9738478385023488	0.02601712965533646
0.029799999999999875	0.00013104104828916697	0.973754449181071	0.02611450977064058
0.029899999999999875	0.00012716820005014018	0.9736609512583977	0.026211880541552927
0.029999999999999874	0.00012340981177368505	0.973567348230838	0.026309241957389057
0.030099999999999873	0.00011976250065670083	0.9734736434915351	0.026406594007808988
0.030199999999999873	0.00011622298387302676	0.9733798403333207	0.02650393668280701
0.030299999999999872	0.0001127880756186771	0.9732859419516803	0.026601269972701805
0.03039999999999987	0.00010945468424440246	0.9731919514476295	0.026698593868126858
0.03049999999999987	0.00010621980947299686	0.9730978718305066	0.026795908360021145
0.03059999999999987	0.00010308053969884575	0.9730037060206818	0.02689321343962011
0.03069999999999987	0.00010003404936728443	0.9729094568521865	0.026990509098446896
0.03079999999999987	9.707759643140819e-05	0.9728151270752655	0.02708779532830383
0.03089999999999987	9.420851988404501e-05	0.9727207193588525	0.027185072121264187
0.030999999999999868	9.142423736266954e-05	0.972626236292974	0.027282339469664168
0.031099999999999867	8.872224282510254e-05	0.9725316803910805	0.027379597366095125
0.031199999999999867	8.610010429390373e-05	0.9724370540923108	0.027476845803396023
0.03129999999999987	8.355546166742808e-05	0.9723423597636872	0.02757408477464612
0.03139999999999987	8.10860245955749e-05	0.9722475997022473	0.027671314273157856
0.031499999999999875	7.868957041831831e-05	0.9721527761371124	0.027768534292469966
0.03159999999999988	7.636394216516312e-05	0.9720578912314947	0.02786574482634078
0.03169999999999988	7.410704661372586e-05	0.9719629470846451	0.027962945868741734
0.031799999999999884	7.191685240569332e-05	0.9718679457337438	0.028060137413851077
0.03189999999999989	6.979138821846303e-05	0.9717728891557343	0.028157319456047745
0.03199999999999989	6.772874099081981e-05	0.9716777792691043	0.02825449198990543
0.03209999999999989	6.572705420105164e-05	0.9715826179356126	0.028351655010186827
0.032199999999999895	6.378452619595474e-05	0.9714874069619666	0.028448808511838033
0.0322999999999999	6.189940856922416e-05	0.9713921481014481	0.028545952489983137
0.0323999999999999	6.0070004587770064e-05	0.9712968430554938	0.02864308693991895
0.032499999999999904	5.8294667664543465e-05	0.9712014934752261	0.028740211857109895
0.03259999999999991	5.657179987649675e-05	0.971106100962941	0.02883732723718306
0.03269999999999991	5.489985052634507e-05	0.9710106670735509	0.028934433075923378
0.03279999999999991	5.327731474683416e-05	0.9709151933159849	0.02903152936926896
0.032899999999999915	5.170273214625822e-05	0.9708196811545479	0.02912861611330657
0.03299999999999992	5.017468549400884e-05	0.9707241320102394	0.029225693304267227
0.03309999999999992	4.869179944497179e-05	0.9706285472620337	0.029322760938521937
0.033199999999999924	4.7252739301623604e-05	0.9705329282481214	0.029419819012577557
0.03329999999999993	4.585620981271372e-05	0.9704372762671152	0.029516867523072768
0.03339999999999993	4.4500954007450956e-05	0.970341592579219	0.029613906466774188
0.03349999999999993	4.318575206414494e-05	0.970245878407364	0.02971093584057258
0.033599999999999935	4.19094202122843e-05	0.9701501349383093	0.029807955641479186
0.03369999999999994	4.0670809667063276e-05	0.9700543633237115	0.029904965866622155
0.03379999999999994	3.946880559539788e-05	0.9699585646811623	0.030001966513243092
0.033899999999999944	3.830232611250088e-05	0.9698627400951946	0.0300989575786937
0.03399999999999995	3.717032130811248e-05	0.9697668906182602	0.03019593906043252
0.03409999999999995	3.607177230151021e-05	0.9696710172716775	0.030292910956021782
0.03419999999999995	3.500569032444754e-05	0.969575121046552	0.030389873263124322
0.034299999999999956	3.3971115831195706e-05	0.9694792029046689	0.030486825979500615
0.03439999999999996	3.296711763488779e-05	0.96938326377936	0.030583769103005885
0.03449999999999996	3.199279206938772e-05	0.969287304576344	0.030680702631587304
0.034599999999999964	3.104726217592973e-05	0.9691913261745435	0.030777626563281268
0.03469999999999997	3.0129676913796316e-05	0.9690953294268762	0.030874540896210754
0.03479999999999997	2.923921039432412e-05	0.9689993151610236	0.03097144562858277
0.03489999999999997	2.837506113754842e-05	0.9689032841801772	0.031068340758685857
0.034999999999999976	2.7536451350817058e-05	0.9688072372637622	0.031165226284887684
0.03509999999999998	2.672262622872457e-05	0.9687111751681392	0.0312621022056327
0.03519999999999998	2.5932853273736364e-05	0.968615098627287	0.03135896851943987
0.035299999999999984	2.516642163689152e-05	0.9685190083534633	0.03145582522490045
0.03539999999999999	2.4422641477990742e-05	0.9684229050378468	0.03155267232067589
0.03549999999999999	2.3700843344693616e-05	0.9683267893511602	0.03164950980549571
0.03559999999999999	2.300037756996633e-05	0.9682306619442752	0.0317463376781555
0.035699999999999996	2.2320613687337502e-05	0.9681345234487984	0.031843155937514994
0.0358	2.16609398634358e-05	0.9680383744776412	0.03193996458249612
0.0359	2.1020762347298606e-05	0.9679422156255723	0.03203676361208121
0.036000000000000004	2.0399504935956097e-05	0.9678460474697537	0.03213355302531116
0.03610000000000001	1.9796608455809674e-05	0.9677498705702612	0.03223033282128375
0.03620000000000001	1.921153025933798e-05	0.9676536854705895	0.03232710299915192
0.03630000000000001	1.8643743736677524e-05	0.967557492698142	0.03242386355812215
0.036400000000000016	1.809273784163824e-05	0.9674612927647063	0.03252061449745289
0.03650000000000002	1.7558016631727446e-05	0.9673650861669161	0.03261735581645299
0.03660000000000002	1.7039098821768118e-05	0.9672688733866988	0.03271408751448023
0.036700000000000024	1.6535517350709758e-05	0.9671726548917102	0.03281080959093988
0.03680000000000003	1.6046818961241916e-05	0.9670764311357564	0.03290752204528325
0.03690000000000003	1.5572563791832033e-05	0.9669802025592027	0.03300422487700638
0.03700000000000003	1.5112324980820361e-05	0.9668839695893714	0.03310091808564868
0.037100000000000036	1.4665688282215674e-05	0.966787732640927	0.033197601670791665
0.03720000000000004	1.423225169284591e-05	0.9666914921162504	0.03329427563205769
0.03730000000000004	1.3811625090528191e-05	0.9665952484058017	0.03339093996910875
0.037400000000000044	1.3403429882932523e-05	0.9664990018884727	0.03348759468164532
0.03750000000000005	1.3007298666823152e-05	0.966402752931929	0.03358423976940517
0.03760000000000005	1.2622874897370856e-05	0.9663065018929413	0.03368087523216232
0.03770000000000005	1.2249812567238538e-05	0.9662102491177078	0.03377750106972592
0.037800000000000056	1.1887775895151261e-05	0.9661139949421665	0.03387411728193922
0.03790000000000006	1.153643902367045e-05	0.9660177396922986	0.03397072386867857
0.03800000000000006	1.1195485725900197e-05	0.9659214836844225	0.034067320829852435
0.038100000000000064	1.0864609120861724e-05	0.9658252272254796	0.03416390816540044
0.03820000000000007	1.0543511397279774e-05	0.9657289706133112	0.03426048587529245
0.03830000000000007	1.0231903545532379e-05	0.9656327141369278	0.03435705395952766
0.03840000000000007	9.929505097522687e-06	0.9655364580767697	0.03445361241813374
0.038500000000000076	9.63604387423875e-06	0.9654402027049608	0.03455016125116598
0.03860000000000008	9.351255740774041e-06	0.9653439482855537	0.0346467004587065
0.03870000000000008	9.074884368588216e-06	0.9652476950747689	0.0347432300408634
0.038800000000000084	8.806681004794123e-06	0.965151443321226	0.03483974999777005
0.03890000000000009	8.54640424826342e-06	0.9650551932661683	0.03493626032958429
0.03900000000000009	8.293819832349262e-06	0.9649589451436807	0.035032761036487725
0.03910000000000009	8.048700414030516e-06	0.9648626991809017	0.035129252118685034
0.039200000000000096	7.81082536928769e-06	0.9647664555982283	0.03522573357640326
0.0393000000000001	7.579980594526433e-06	0.9646702146095151	0.035322205409891165
0.0394000000000001	7.355958313869846e-06	0.9645739764222684	0.035418667619418566
0.039500000000000104	7.138556892146173e-06	0.9644777412378329	0.03551512020527573
0.03960000000000011	6.927580653403534e-06	0.9643815092515746	0.03561156316777276
0.03970000000000011	6.722839704788366e-06	0.964285280653057	0.03570799650723899
0.03980000000000011	6.524149765629038e-06	0.9641890556262127	0.03580442022402244
0.039900000000000116	6.331332001570809e-06	0.96409283434951	0.035900834318489255
0.04000000000000012	6.1442128636128395e-06	0.963996616996114	0.03599723879102314
0.04010000000000012	5.962623931902378e-06	0.9639004037340441	0.03609363364202487
0.040200000000000125	5.786401764145527e-06	0.963804194726325	0.036190018871911776
0.04030000000000013	5.615387748498148e-06	0.9637079901311352	0.036286394481117236
0.04040000000000013	5.449427960804496e-06	0.9636117901019499	0.03638276047009022
0.04050000000000013	5.288373026055094e-06	0.96351559478768	0.0364791168392948
0.040600000000000136	5.132077983939138e-06	0.9634194043328071	0.03657546358920974
0.04070000000000014	4.980402158370441e-06	0.9633232188775145	0.036671800720328024
0.04080000000000014	4.8332090308694544e-06	0.9632270385578136	0.03676812823315644
0.040900000000000145	4.690366117687428e-06	0.963130863505668	0.036864446128215184
0.04100000000000015	4.551744850562092e-06	0.9630346938491129	0.03696075440603744
0.04110000000000015	4.417220460997543e-06	0.9629385297123709	0.037057053067169006
0.04120000000000015	4.2866718679641815e-06	0.962842371215965	0.037153342112167934
0.041300000000000156	4.1599815689176095e-06	0.962746218476828	0.03724962154160412
0.04140000000000016	4.037035534038412e-06	0.962650071608408	0.037345891356059
0.04150000000000016	3.9177231035976235e-06	0.9625539307207722	0.037442151556125174
0.041600000000000165	3.8019368883555022e-06	0.9624577959207066	0.037538402142406085
0.04170000000000017	3.6895726729039694e-06	0.9623616673118124	0.0376346431155157
0.04180000000000017	3.580529321865707e-06	0.9622655449946009	0.03773087447607818
0.04190000000000017	3.4747086888654916e-06	0.9621694290665845	0.0378270962247276
0.042000000000000176	3.372015528191835e-06	0.9620733196223652	0.03792330836210763
0.04210000000000018	3.2723574090694133e-06	0.9619772167537207	0.03801951088887127
0.04220000000000018	3.175644632465134e-06	0.9618811205496881	0.03811570380568054
0.042300000000000185	3.0817901503529497e-06	0.9617850310966445	0.03821188711320624
0.04240000000000019	2.990709487364761e-06	0.961688948478386	0.038308060812127696
0.04250000000000019	2.9023206647568842e-06	0.9615928727762039	0.03840422490313246
0.04260000000000019	2.8165441266236494e-06	0.9614968040689583	0.038500379386916105
0.042700000000000196	2.7333026682917153e-06	0.9614007424331508	0.03859652426418197
0.0428000000000002	2.652521366830653e-06	0.9613046879429933	0.038692659535640925
0.0429000000000002	2.5741275136172526e-06	0.9612086406704763	0.03878878520201116
0.043000000000000205	2.498050548892855e-06	0.9611126006854342	0.03888490126401794
0.04310000000000021	2.424221998254807e-06	0.9610165680556094	0.03898100772239342
0.04320000000000021	2.3525754110248778e-06	0.9609205428467137	0.03907710457787643
0.04330000000000021	2.283046300439163e-06	0.9608245251224884	0.039173191831212255
0.043400000000000216	2.2155720856056466e-06	0.960728514944763	0.03926926948315248
0.04350000000000022	2.1500920351771726e-06	0.9606325123735111	0.03936533753445476
0.04360000000000022	2.086547212689135e-06	0.9605365174669057	0.03946139598588267
0.043700000000000225	2.0248804235126825e-06	0.960440530281372	0.039557444838205516
0.04380000000000023	1.965036163375691e-06	0.9603445508716395	0.03965348409219815
0.04390000000000023	1.9069605684051748e-06	0.9602485792907918	0.039749513748640816
0.04400000000000023	1.8506013666461633e-06	0.9601526155903154	0.03984553380831899
0.044100000000000236	1.7959078310134155e-06	0.9600566598201468	0.039941544272023226
0.04420000000000024	1.7428307336336188e-06	0.9599607120287184	0.04003754514054898
0.04430000000000024	1.6913223015369813e-06	0.9598647722630029	0.0401335364146965
0.044400000000000245	1.6413361736583342e-06	0.9597688405685567	0.04022951809527063
0.04450000000000025	1.5928273591090448e-06	0.9596729169895611	0.04032549018308073
0.04460000000000025	1.54575219668218e-06	0.9595770015688638	0.04042145267894049
0.04470000000000025	1.500068315554473e-06	0.9594810943480176	0.040517405583667836
0.044800000000000256	1.455734597149724e-06	0.9593851953673191	0.040613348898084774
0.04490000000000026	1.412711138129305e-06	0.9592893046658456	0.04070928262301728
0.04500000000000026	1.3709592144764634e-06	0.9591934222814914	0.040805206759295186
0.045100000000000265	1.3304412466420922e-06	0.9590975482510024	0.040901121307752045
0.04520000000000027	1.2911207657206006e-06	0.9590016826100103	0.04099702626922504
0.04530000000000027	1.252962380625437e-06	0.9589058253930656	0.04109292164455485
0.045400000000000273	1.215931746234723e-06	0.9588099766336693	0.04118880743458557
0.045500000000000276	1.1799955324783252e-06	0.958714136364304	0.041284683640164584
0.04560000000000028	1.1451213943385438e-06	0.9586183046164642	0.04138055026214248
0.04570000000000028	1.1112779427374124e-06	0.9585224814206854	0.04147640730137295
0.045800000000000285	1.07843471628441e-06	0.9584266668065722	0.04157225475871268
0.04590000000000029	1.046562153859154e-06	0.958330860802826	0.04166809263502128
0.04600000000000029	1.0156315680043963e-06	0.9582350634372719	0.04176392093116119
0.046100000000000294	9.856151191053758e-07	0.9581392747368844	0.04185973964799758
0.046200000000000296	9.564857903322861e-07	0.9580434947278125	0.04195554878639828
0.0463000000000003	9.28217363323306e-07	0.957947723435404	0.0420513483472337
0.0464000000000003	9.007843945863033e-07	0.9578519608842297	0.04214713833137674
0.046500000000000305	8.741621925979757e-07	0.9577562070981057	0.04224291873970272
0.04660000000000031	8.483267955798129e-07	0.9576604621001161	0.042338689573089304
0.04670000000000031	8.232549499308787e-07	0.9575647259126346	0.04243445083241643
0.046800000000000314	7.989240892980011e-07	0.9574689985573455	0.04253020251856624
0.046900000000000316	7.753123142645314e-07	0.9573732800552637	0.04262594463242301
0.04700000000000032	7.523983726393909e-07	0.9572775704267552	0.04272167717487308
0.04710000000000032	7.301616403286651e-07	0.9571818696915558	0.0428174001468048
0.047200000000000325	7.085821027725269e-07	0.9570861778687897	0.04291311354910847
0.04730000000000033	6.876403369307823e-07	0.9569904949769877	0.04300881738267626
0.04740000000000033	6.673174938008228e-07	0.956894821034105	0.04310451164840216
0.047500000000000334	6.475952814522518e-07	0.9567991560575375	0.04320019634718195
0.047600000000000336	6.28455948562912e-07	0.9567035000641393	0.04329587147991311
0.04770000000000034	6.098822684414977e-07	0.9566078530702378	0.043391537047494766
0.04780000000000034	5.918575235223701e-07	0.9565122150916497	0.04348719305082767
0.047900000000000345	5.743654903186196e-07	0.9564165861436965	0.04358283949081412
0.04800000000000035	5.573904248198333e-07	0.9563209662412182	0.04367847636835792
0.04810000000000035	5.409170483214223e-07	0.9562253553985882	0.04377410368436435
0.048200000000000354	5.249305336727572e-07	0.9561297536297271	0.0438697214397401
0.04830000000000036	5.094164919317312e-07	0.9560341609481157	0.04396532963539321
0.04840000000000036	4.943609594137414e-07	0.9559385773668083	0.04406092827223306
0.04850000000000036	4.797503851234303e-07	0.9558430028984454	0.044156517351170335
0.048600000000000365	4.6557161855787543e-07	0.9557474375552654	0.04425209687311693
0.04870000000000037	4.518118978702488e-07	0.955651881349117	0.04434766683898596
0.04880000000000037	4.384588383832941e-07	0.9555563342914708	0.04444322724969171
0.048900000000000374	4.2550042144228083e-07	0.9554607963934298	0.044538778106149576
0.04900000000000038	4.129249835974042e-07	0.9553652676657411	0.04463431940927607
0.04910000000000038	4.0072120610589287e-07	0.9552697481188059	0.044729851159988746
0.04920000000000038	3.88878104744377e-07	0.9551742377626898	0.04482537335920619
0.049300000000000385	3.7738501992234535e-07	0.9550787366071328	0.044920886007847965
0.04940000000000039	3.6623160708779483e-07	0.954983244661559	0.045016389106834614
0.04950000000000039	3.554078274164353e-07	0.9548877619350857	0.045111882657087585
0.049600000000000394	3.4490393877607045e-07	0.9547922884365327	0.04520736665952923
0.0497000000000004	3.34710486958021e-07	0.954696824174431	0.04530284111508277
0.0498000000000004	3.248182971676991e-07	0.9546013691570313	0.04539830602467227
0.0499000000000004	3.152184657666739e-07	0.9545059233923123	0.0454937613892226
0.050000000000000405	3.0590235225879595e-07	0.954410486887989	0.045589207209659414
0.05010000000000041	2.9686157151316777e-07	0.9543150596515201	0.04568464348690913
0.05020000000000041	2.880879862169599e-07	0.9542196416901156	0.04578007022189889
0.050300000000000414	2.795736995512803e-07	0.9541242330107447	0.045875487415556554
0.05040000000000042	2.713110480835044e-07	0.954028833620142	0.04597089506881066
0.05050000000000042	2.632925948696683e-07	0.9539334435248155	0.04606629318259042
0.05060000000000042	2.555111227607178e-07	0.9538380627310523	0.04616168175782568
0.050700000000000425	2.4795962790658654e-07	0.9537426912449259	0.04625706079544689
0.05080000000000043	2.406313134522588e-07	0.9536473290723022	0.04635243029638512
0.05090000000000043	2.3351958342014085e-07	0.9535519762188454	0.046447790261571996
0.051000000000000434	2.2661803677323623e-07	0.9534566326900242	0.04654314069193971
0.05110000000000044	2.1992046165378037e-07	0.9533612984911181	0.046638481588420995
0.05120000000000044	2.134208297921493e-07	0.9532659736272218	0.0467338129519491
0.05130000000000044	2.071132910810102e-07	0.9531706581032519	0.04682913478345777
0.051400000000000445	2.0099216830983007e-07	0.9530753519239512	0.04692444708388124
0.05150000000000045	1.9505195205500288e-07	0.9529800550938945	0.047019749854154205
0.05160000000000045	1.8928729572099667e-07	0.9528847676174932	0.04711504309521181
0.051700000000000454	1.836930107280567e-07	0.9527894894990003	0.04721032680798964
0.05180000000000046	1.7826406184213347e-07	0.9526942207425152	0.04730560099342368
0.05190000000000046	1.7299556264283223e-07	0.9525989613519877	0.04740086565245034
0.05200000000000046	1.6788277112530488e-07	0.9525037113312232	0.0474961207860064
0.052100000000000465	1.6292108543212558e-07	0.9524084706838863	0.04759136639502903
0.05220000000000047	1.5810603971130845e-07	0.9523132394135053	0.047686602480455746
0.05230000000000047	1.5343330009673942e-07	0.9522180175234762	0.047781829043224415
0.052400000000000474	1.4889866080740422e-07	0.9521228050170667	0.047877046084273234
0.05250000000000048	1.444980403619016e-07	0.9520276018974196	0.04797225360454072
0.05260000000000048	1.4022747790483462e-07	0.9519324081675571	0.048067451604965714
0.05270000000000048	1.3608312964177358e-07	0.9518372238303837	0.048162640086487324
0.052800000000000485	1.320612653795814e-07	0.9517420488886903	0.04825781905004497
0.05290000000000049	1.2815826516898827e-07	0.9516468833451571	0.048352988496578334
0.05300000000000049	1.2437061604639285e-07	0.9515517272023573	0.04844814842702736
0.053100000000000494	1.2069490887195802e-07	0.9514565804627595	0.048543298842332244
0.0532000000000005	1.1712783526115492e-07	0.9513614431287319	0.04863843974343343
0.0533000000000005	1.1366618460699356e-07	0.9512663152025445	0.04873357113127159
0.0534000000000005	1.1030684119025991e-07	0.9511711966863718	0.048828693006787605
0.053500000000000505	1.0704678137515826e-07	0.9510760875822967	0.0489238053709226
0.05360000000000051	1.0388307088783501e-07	0.9509809878923119	0.04901890822461787
0.05370000000000051	1.0081286217533413e-07	0.9508858976183235	0.04911400156881493
0.053800000000000514	9.783339184260732e-08	0.9507908167621534	0.04920908540445546
0.05390000000000052	9.494197816527196e-08	0.9506957453255411	0.04930415973248135
0.05400000000000052	9.21360186758782e-08	0.9506006833101474	0.049399224553834616
0.05410000000000052	8.941298782151259e-08	0.9505056307175553	0.04949427986945747
0.054200000000000526	8.677043469063004e-08	0.9504105875492737	0.04958932568029227
0.05430000000000053	8.420598080706799e-08	0.9503155538067383	0.04968436198728152
0.05440000000000053	8.171731798925735e-08	0.9502205294913147	0.049779388791367854
0.054500000000000534	7.930220627270333e-08	0.9501255146043003	0.04987440609349406
0.05460000000000054	7.695847189386617e-08	0.9500305091469257	0.04996941389460304
0.05470000000000054	7.468400533362733e-08	0.9499355131203574	0.050064412195637814
0.05480000000000054	7.247675941857981e-08	0.9498405265256996	0.050159400997541514
0.054900000000000546	7.033474747843402e-08	0.9497455493639957	0.05025438030125739
0.05500000000000055	6.825604155788037e-08	0.9496505816362302	0.05034935010772878
0.05510000000000055	6.62387706812994e-08	0.9495556233433307	0.05044431041789913
0.055200000000000554	6.428111916875744e-08	0.9494606744861693	0.05053926123271197
0.05530000000000056	6.238132500177217e-08	0.9493657350655645	0.050634202553110914
0.05540000000000056	6.053767823737702e-08	0.9492708050822826	0.05072913438003966
0.05550000000000056	5.87485194690571e-08	0.949175884537039	0.05082405671444198
0.055600000000000566	5.701223833317139e-08	0.9490809734305005	0.0509189695572617
0.05570000000000057	5.532727205951672e-08	0.9489860717632858	0.051013872909442724
0.05580000000000057	5.369210406472917e-08	0.9488911795359675	0.05110876677192902
0.055900000000000574	5.2105262587256644e-08	0.9487962967490734	0.0512036511456646
0.05600000000000058	5.056531936267418e-08	0.9487014234030877	0.05129852603159353
0.05610000000000058	4.9070888338149556e-08	0.9486065594984523	0.05139339143065993
0.05620000000000058	4.76206244249022e-08	0.9485117050355681	0.05148824734380795
0.056300000000000586	4.6213222287532504e-08	0.9484168600147964	0.05158309377198178
0.05640000000000059	4.4847415169131874e-08	0.9483220244364596	0.051677930716125656
0.05650000000000059	4.352197375111603e-08	0.9482271983008429	0.05177275817718383
0.056600000000000594	4.223570504675528e-08	0.9481323816081948	0.05186757615610059
0.0567000000000006	4.0987451327406e-08	0.9480375743587288	0.05196238465382024
0.0568000000000006	3.977608908047666e-08	0.9479427765526242	0.052057183671287116
0.0569000000000006	3.8600527998190716e-08	0.9478479881900268	0.052151973209445555
0.057000000000000606	3.745970999623601e-08	0.9477532092710504	0.052246753269239915
0.05710000000000061	3.6352608261417465e-08	0.9476584397957776	0.05234152385161456
0.05720000000000061	3.527822632745593e-08	0.9475636797642603	0.05243628495751386
0.057300000000000614	3.4235597178101274e-08	0.947468929176521	0.0525310365878822
0.05740000000000062	3.322378237675248e-08	0.9473741880325541	0.052625778743663955
0.05750000000000062	3.224187122180141e-08	0.9472794563323257	0.0527205114258035
0.05760000000000062	3.128897992693983e-08	0.9471847340757753	0.052815234635245206
0.057700000000000626	3.0364250825692164e-08	0.9470900212628162	0.05290994837293344
0.05780000000000063	2.946685159945771e-08	0.9469953178933362	0.05300465263981255
0.05790000000000063	2.859597452836778e-08	0.946900623967199	0.053099347436826885
0.058000000000000634	2.7750835764283273e-08	0.9468059394842439	0.05319403276492077
0.05810000000000064	2.693067462527847e-08	0.9467112644442872	0.053288708625038504
0.05820000000000064	2.6134752910975947e-08	0.946616598847123	0.05338337501812439
0.05830000000000064	2.536235423811642e-08	0.9465219426925234	0.053478031945122684
0.058400000000000646	2.4612783395765464e-08	0.9464272959802393	0.05357267940697764
0.05850000000000065	2.3885365719576752e-08	0.9463326587100012	0.053667317404633465
0.05860000000000065	2.3179446484548614e-08	0.9462380308815195	0.05376194593903436
0.058700000000000654	2.249439031572734e-08	0.9461434124944855	0.053856565011124485
0.05880000000000066	2.182958061632685e-08	0.9460488035485718	0.053951174621847967
0.05890000000000066	2.1184419012749964e-08	0.9459542040434324	0.0540457747721489
0.05900000000000066	2.0558324816011787e-08	0.9458596139787042	0.05414036546297134
0.059100000000000666	1.9950734499080427e-08	0.9457650333540065	0.05423494669525931
0.05920000000000067	1.9361101189664646e-08	0.9456704621689423	0.054329518469956796
0.05930000000000067	1.8788894177991867e-08	0.9455759004230985	0.05442408078800774
0.059400000000000674	1.8233598439133585e-08	0.9454813481160459	0.054518633650356044
0.05950000000000068	1.769471416944816e-08	0.9453868052473406	0.054613177057945564
0.05960000000000068	1.7171756336723808e-08	0.945292271816524	0.05470771101172011
0.05970000000000068	1.666425424361688e-08	0.9451977478231227	0.05480223551262345
0.059800000000000686	1.6171751103992486e-08	0.94510323326665	0.054896750561599296
0.05990000000000069	1.569380363178614e-08	0.9450087281466054	0.05499125615959132
0.06000000000000069	1.522998164201639e-08	0.9449142324624756	0.055085752307543145
0.060100000000000695	1.4779867663589298e-08	0.9448197462137344	0.05518023900639833
0.0602000000000007	1.434305656354628e-08	0.9447252693998435	0.05527471625710039
0.0603000000000007	1.3919155182417112e-08	0.9446308020202525	0.055369184060592776
0.0604000000000007	1.3507781980349852e-08	0.9445363440743996	0.0554636424178189
0.060500000000000706	1.3108566693699244e-08	0.9444418955617117	0.055558091329722094
0.06060000000000071	1.2721150001764436e-08	0.9443474564816048	0.05565253079724566
0.06070000000000071	1.23451832033761e-08	0.9442530268334844	0.05574696082133281
0.060800000000000715	1.1980327903041855e-08	0.9441586066167458	0.05584138140292673
0.06090000000000072	1.162625570636747e-08	0.9440641958307742	0.05593579254297052
0.06100000000000072	1.1282647924479763e-08	0.9439697944749452	0.056030194242407225
0.06110000000000072	1.0949195287185093e-08	0.9438754025486252	0.05612458650217983
0.061200000000000726	1.0625597664605323e-08	0.9437810200511715	0.05621896932323125
0.06130000000000073	1.0311563797040667e-08	0.9436866469819323	0.05631334270650434
0.06140000000000073	1.0006811032816307e-08	0.9435922833402475	0.05640770665294188
0.061500000000000735	9.71106507387681e-09	0.9434979291254487	0.05650206116348661
0.06160000000000074	9.424059728899364e-09	0.9434035843368594	0.05659640623908118
0.06170000000000074	9.145536673703623e-09	0.9433092489737955	0.05669074188066817
0.06180000000000074	8.875245218742512e-09	0.9432149230355651	0.0567850680891901
0.061900000000000746	8.612942083464713e-09	0.9431206065214689	0.05687938486558942
0.06200000000000075	8.35839117734575e-09	0.9430262994308007	0.05697369221080851
0.06210000000000075	8.111363387390587e-09	0.9429320017628474	0.05706799012578967
0.062200000000000755	7.871636371916466e-09	0.9428377135168889	0.057162278611475145
0.06230000000000076	7.638994360430389e-09	0.942743434692199	0.05725655766880709
0.06240000000000076	7.413227959421109e-09	0.9426491652880449	0.057350827298727605
0.06250000000000076	7.194133963890841e-09	0.9425549053036878	0.05744508750217869
0.06260000000000077	6.98151517445705e-09	0.9424606547383829	0.057539338280102305
0.06270000000000077	6.7751802198596964e-09	0.9423664135913798	0.05763357963344031
0.06280000000000077	6.574943384714186e-09	0.9422721818619225	0.0577278115631345
0.06290000000000077	6.3806244423549896e-09	0.9421779595492493	0.057822034070126586
0.06300000000000078	6.192048492619484e-09	0.9420837466525936	0.057916247155358216
0.06310000000000078	6.0090458044259986e-09	0.9419895431711836	0.05801045081977095
0.06320000000000078	5.831451663004386e-09	0.9418953491042423	0.05810464506430627
0.06330000000000079	5.659106221641617e-09	0.9418011644509885	0.05819882988990559
0.06340000000000079	5.491854357808944e-09	0.9417069892106357	0.058293005297510234
0.06350000000000079	5.329545533541164e-09	0.9416128233823933	0.05838717128806145
0.0636000000000008	5.172033659942283e-09	0.9415186669654662	0.05848132786250042
0.0637000000000008	5.019176965695655e-09	0.9414245199590551	0.05857547502176823
0.0638000000000008	4.870837869460225e-09	0.9413303823623566	0.058669612766805886
0.0639000000000008	4.726882856038041e-09	0.9412362541745631	0.058763741098554326
0.0640000000000008	4.587182356201561e-09	0.9411421353948636	0.0588578600179544
0.06410000000000081	4.451610630072607e-09	0.9410480260224429	0.058951969525946876
0.06420000000000081	4.320045653947985e-09	0.9409539260564823	0.05904606962347244
0.06430000000000081	4.19236901046992e-09	0.9408598354961597	0.05914016031147169
0.06440000000000082	4.068465782042441e-09	0.9407657543406495	0.05923424159088516
0.06450000000000082	3.948224447397788e-09	0.9406716825891227	0.059328313462653284
0.06460000000000082	3.831536781219745e-09	0.9405776202407472	0.059422375927716424
0.06470000000000083	3.718297756733552e-09	0.9404835672946878	0.05951642898701485
0.06480000000000083	3.6084054511747195e-09	0.9403895237501062	0.05961047264148875
0.06490000000000083	3.50176095405166e-09	0.9402954896061613	0.05970450689207823
0.06500000000000083	3.3982682781195727e-09	0.9402014648620088	0.059798531739723305
0.06510000000000084	3.2978342729854422e-09	0.9401074495168023	0.05989254718536392
0.06520000000000084	3.2003685412664006e-09	0.940013443569692	0.05998655322993993
0.06530000000000084	3.105783357225981e-09	0.939919447019826	0.060080549874391105
0.06540000000000085	3.0139935878150338e-09	0.9398254598663498	0.06017453711965711
0.06550000000000085	2.924916616046238e-09	0.9397314821084063	0.06026851496667755
0.06560000000000085	2.838472266633235e-09	0.9396375137451363	0.06036248341639194
0.06570000000000085	2.754582733827462e-09	0.9395435547756781	0.060456442469739705
0.06580000000000086	2.6731725113877258e-09	0.9394496051991679	0.060550392127660176
0.06590000000000086	2.5941683246194893e-09	0.9393556650147397	0.060644332391092605
0.06600000000000086	2.5174990644227035e-09	0.9392617342215254	0.060738263260976165
0.06610000000000087	2.4430957232888163e-09	0.9391678128186549	0.060832184738249924
0.06620000000000087	2.3708913331893576e-09	0.9390739008052563	0.06092609682385288
0.06630000000000087	2.300820905300195e-09	0.9389799981804557	0.06101999951872393
0.06640000000000087	2.232821371507206e-09	0.9388861049433773	0.0611138928238019
0.06650000000000088	2.1668315276407176e-09	0.9387922210931435	0.061207776740025505
0.06660000000000088	2.102791978387624e-09	0.9386983466288752	0.061301651268333396
0.06670000000000088	2.040645083831596e-09	0.9386044815496913	0.06139551640966412
0.06680000000000089	1.980334907573267e-09	0.9385106258547095	0.06148937216495614
0.06690000000000089	1.921807166383696e-09	0.9384167795430455	0.06158321853514784
0.06700000000000089	1.865009181345801e-09	0.9383229426138138	0.0616770555211775
0.0671000000000009	1.8098898304397763e-09	0.9382291150661273	0.06177088312398332
0.0672000000000009	1.7563995025298257e-09	0.9381352968990975	0.06186470134450341
0.0673000000000009	1.7044900527107912e-09	0.9380414881118345	0.0619585101836758
0.0674000000000009	1.6541147589744895e-09	0.9379476887034472	0.06205230964243841
0.0675000000000009	1.605228280156751e-09	0.937853898673043	0.06214609972172909
0.06760000000000091	1.5577866151273128e-09	0.9377601180197281	0.06223988042248559
0.06770000000000091	1.511747063185831e-09	0.9376663467426077	0.06233365174564558
0.06780000000000092	1.4670681856283686e-09	0.9375725848407855	0.062427413692146626
0.06790000000000092	1.4237097684497664e-09	0.9374788323133644	0.06252116626292621
0.06800000000000092	1.3816327861483225e-09	0.9373850891594459	0.06261490945892174
0.06810000000000092	1.3407993666002085e-09	0.9372913553781305	0.06270864328107052
0.06820000000000093	1.3011727569720012e-09	0.9371976309685178	0.06280236773030975
0.06830000000000093	1.2627172906406527e-09	0.9371039159297064	0.06289608280757658
0.06840000000000093	1.2253983550911222e-09	0.9370102102607939	0.06298978851380803
0.06850000000000094	1.1891823607627761e-09	0.9369165139608768	0.06308348484994104
0.06860000000000094	1.1540367108165173e-09	0.9368228270290511	0.06317717181691247
0.06870000000000094	1.1199297717954295e-09	0.9367291494644114	0.0632708494156591
0.06880000000000094	1.0868308451525313e-09	0.9366354812660519	0.06336451764711756
0.06890000000000095	1.0547101396200118e-09	0.9365418224330657	0.06345817651222448
0.06900000000000095	1.0235387443950794e-09	0.9364481729645453	0.06355182601191632
0.06910000000000095	9.932886031182876e-10	0.9363545328595823	0.0636454661471295
0.06920000000000096	9.639324886209186e-10	0.9362609021172675	0.06373909691880032
0.06930000000000096	9.35443978418693e-10	0.9361672807366913	0.06383271832786501
0.06940000000000096	9.077974309297521e-10	0.9360736687169432	0.06392633037525969
0.06950000000000096	8.80967962395502e-10	0.9359800660571119	0.0640199330619204
0.06960000000000097	8.549314244835529e-10	0.9358864727562858	0.06411352638878308
0.06970000000000097	8.296643825525893e-10	0.9357928888135523	0.06420711035678359
0.06980000000000097	8.051440945596117e-10	0.9356993142279985	0.06430068496685769
0.06990000000000098	7.813484905905629e-10	0.9356057489987107	0.06439425021994105
0.07000000000000098	7.582561529959157e-10	0.9355121931247748	0.06448780611696926
0.07010000000000098	7.35846297113343e-10	0.9354186466052762	0.06458135265887782
0.07020000000000098	7.140987525601192e-10	0.9353251094392995	0.06467488984660211
0.07030000000000099	6.92993945078414e-10	0.935231581625929	0.06476841768107744
0.07040000000000099	6.725128789171397e-10	0.9351380631642485	0.06486193616323901
0.07050000000000099	6.526371197344927e-10	0.9350445540533413	0.06495544529402197
0.070600000000001	6.333487780058024e-10	0.9349510542922903	0.06504894507436135
0.070700000000001	6.146304929217512e-10	0.9348575638801778	0.06514243550519207
0.070800000000001	5.964654167624744e-10	0.934764082816086	0.06523591658744898
0.070900000000001	5.788371997334757e-10	0.9346706110990963	0.06532938832206685
0.071000000000001	5.617299752497081e-10	0.93457714872829	0.06542285070998033
0.07110000000000101	5.451283456545773e-10	0.9344836957027479	0.06551630375212401
0.07120000000000101	5.290173683610108e-10	0.9343902520215506	0.06560974744943236
0.07130000000000102	5.133825424021214e-10	0.934296817683778	0.06570318180283977
0.07140000000000102	4.982097953793588e-10	0.93420339268851	0.06579660681328053
0.07150000000000102	4.834854707964001e-10	0.934109977034826	0.06589002248168886
0.07160000000000102	4.691963157673825e-10	0.9340165707218052	0.06598342880899886
0.07170000000000103	4.5532946908841107e-10	0.9339231737485264	0.06607682579614456
0.07180000000000103	4.418724496616072e-10	0.9338297861140681	0.06617021344405986
0.07190000000000103	4.288131452612784e-10	0.9337364078175087	0.06626359175367863
0.07200000000000104	4.1613980163209757e-10	0.933643038857926	0.0663569607259346
0.07210000000000104	4.0384101190948004e-10	0.9335496792343979	0.06645032036176142
0.07220000000000104	3.9190570635263545e-10	0.933456328946002	0.06654367066209264
0.07230000000000104	3.803231423810541e-10	0.9333629879918154	0.06663701162786176
0.07240000000000105	3.6908289490545926e-10	0.9332696563709153	0.06673034326000213
0.07250000000000105	3.5817484694452356e-10	0.9331763340823784	0.06682366555944702
0.07260000000000105	3.475891805189027e-10	0.9330830211252815	0.06691697852712965
0.07270000000000106	3.3731636781439163e-10	0.9329897174987009	0.0670102821639831
0.07280000000000106	3.273471626062486e-10	0.9328964232017127	0.06710357647094037
0.07290000000000106	3.1767259193696894e-10	0.9328031382333933	0.06719686144893439
0.07300000000000106	3.082839480400178e-10	0.9327098625928184	0.06729013709889797
0.07310000000000107	2.991727805022523e-10	0.9326165962790637	0.06738340342176384
0.07320000000000107	2.9033088865797985e-10	0.9325233392912048	0.06747666041846465
0.07330000000000107	2.817503142078051e-10	0.9324300916283171	0.06756990808993292
0.07340000000000108	2.734233340556236e-10	0.9323368532894759	0.06766314643710111
0.07350000000000108	2.653424533573142e-10	0.9322436242737563	0.06775637546090159
0.07360000000000108	2.5750039877487325e-10	0.9321504045802333	0.0678495951622666
0.07370000000000108	2.498901119299197e-10	0.9320571942079819	0.06794280554212834
0.07380000000000109	2.425047430506782e-10	0.9319639931560768	0.06803600660141887
0.07390000000000109	2.35337644806722e-10	0.9318708014235926	0.06812919834107019
0.07400000000000109	2.2838236632592726e-10	0.9317776190096039	0.0682223807620142
0.0741000000000011	2.216326473882525e-10	0.9316844459131851	0.0683155538651827
0.0742000000000011	2.1508241279111824e-10	0.9315912821334107	0.0684087176515074
0.0743000000000011	2.0872576688131458e-10	0.9314981276693548	0.06850187212191991
0.0744000000000011	2.025569882485154e-10	0.9314049825200917	0.06859501727735176
0.07450000000000111	1.9657052457562299e-10	0.9313118466846956	0.06868815311873439
0.07460000000000111	1.9076098764130794e-10	0.9312187201622404	0.06878127964699912
0.07470000000000111	1.8512314847024624e-10	0.9311256029518001	0.06887439686307723
0.07480000000000112	1.796519326266886e-10	0.9310324950524487	0.06896750476789985
0.07490000000000112	1.7434241564712585e-10	0.93093939646326	0.06906060336239805
0.07500000000000112	1.691898186079394e-10	0.9308463071833079	0.0691536926475028
0.07510000000000112	1.6418950382404742e-10	0.930753227211666	0.06924677262414498
0.07520000000000113	1.5933697067467535e-10	0.9306601565474081	0.06933984329325538
0.07530000000000113	1.5462785155249342e-10	0.9305670951896079	0.06943290465576468
0.07540000000000113	1.5005790793247523e-10	0.9304740431373391	0.06952595671260349
0.07550000000000114	1.456230265569393e-10	0.9303810003896751	0.0696189994647023
0.07560000000000114	1.4131921573333938e-10	0.9302879669456896	0.06971203291299155
0.07570000000000114	1.3714260174147193e-10	0.9301949428044562	0.06980505705840154
0.07580000000000114	1.330894253468664e-10	0.9301019279650484	0.06989807190186251
0.07590000000000115	1.2915603841722054e-10	0.9300089224265398	0.06999107744430458
0.07600000000000115	1.253389006388351e-10	0.9299159261880037	0.07008407368665781
0.07610000000000115	1.2163457633009253e-10	0.9298229392485137	0.07017706062985214
0.07620000000000116	1.1803973134911175e-10	0.9297299616071432	0.07027003827481744
0.07630000000000116	1.1455113009279536e-10	0.9296369932629658	0.07036300662248347
0.07640000000000116	1.1116563258456848e-10	0.9295440342150548	0.07045596567377992
0.07650000000000116	1.0788019164818795e-10	0.9294510844624838	0.07054891542963633
0.07660000000000117	1.0469185016507804e-10	0.9293581440043263	0.07064185589098222
0.07670000000000117	1.0159773841272419e-10	0.9292652128396556	0.07073478705874697
0.07680000000000117	9.8595071481729e-11	0.9291722909675453	0.0708277089338599
0.07690000000000118	9.56811467692059e-11	0.9290793783870689	0.0709206215172502
0.07700000000000118	9.28533415462541e-11	0.9289864750972999	0.071013524809847
0.07710000000000118	9.010911059732562e-11	0.9288935810973118	0.07110641881257933
0.07720000000000118	8.744598392935944e-11	0.9288006963861781	0.0711993035263761
0.07730000000000119	8.486156454862113e-11	0.9287078209629724	0.07129217895216616
0.07740000000000119	8.235352630324671e-11	0.9286149548267684	0.07138504509087826
0.07750000000000119	7.991961178954892e-11	0.9285220979766395	0.07147790194344104
0.0776000000000012	7.755763032020159e-11	0.9284292504116595	0.07157074951078309
0.0777000000000012	7.526545595247322e-11	0.9283364121309019	0.07166358779383285
0.0778000000000012	7.304102557473498e-11	0.9282435831334405	0.07175641679351871
0.0779000000000012	7.088233704952108e-11	0.9281507634183489	0.07184923651076895
0.07800000000000121	6.878744741146989e-11	0.928057952984701	0.07194204694651177
0.07810000000000121	6.675447111852395e-11	0.9279651518315705	0.07203484810167525
0.07820000000000121	6.478157835481494e-11	0.9278723599580312	0.07212763997718741
0.07830000000000122	6.286699338370582e-11	0.9277795773631571	0.07222042257397615
0.07840000000000122	6.100899294950812e-11	0.9276868040460219	0.07231319589296929
0.07850000000000122	5.920590472643539e-11	0.9275940400056997	0.07240595993509458
0.07860000000000122	5.745610581339724e-11	0.9275012852412644	0.07249871470127962
0.07870000000000123	5.575802127327876e-11	0.9274085397517902	0.072591460192452
0.07880000000000123	5.411012271539086e-11	0.9273158035363509	0.07268419640953912
0.07890000000000123	5.2510926919815483e-11	0.9272230765940208	0.07277692335346836
0.07900000000000124	5.095899450240758e-11	0.9271303589238741	0.07286964102516699
0.07910000000000124	4.945292861925224e-11	0.927037650524985	0.07296234942556218
0.07920000000000124	4.799137370941089e-11	0.9269449513964277	0.073055048555581
0.07930000000000124	4.6573014274824964e-11	0.9268522615372766	0.07314773841615044
0.07940000000000125	4.519657369627888e-11	0.9267595809466062	0.0732404190081974
0.07950000000000125	4.386081308435657e-11	0.9266669096234906	0.07333309033264868
0.07960000000000125	4.25645301643574e-11	0.9265742475670046	0.07342575239043098
0.07970000000000126	4.130655819416779e-11	0.9264815947762226	0.07351840518247092
0.07980000000000126	4.00857649141146e-11	0.9263889512502193	0.07361104870969504
0.07990000000000126	3.8901051527854964e-11	0.9262963169880692	0.07370368297302976
0.08000000000000126	3.775135171338546e-11	0.9262036919888473	0.07379630797340142
0.08010000000000127	3.663563066328033e-11	0.9261110762516283	0.07388892371173626
0.08020000000000127	3.5552884153294947e-11	0.9260184697754869	0.07398153018896045
0.08030000000000127	3.450213763849623e-11	0.925925872559498	0.07407412740600003
0.08040000000000128	3.348244537610644e-11	0.9258332846027367	0.07416671536378099
0.08050000000000128	3.2492889574270834e-11	0.925740705904278	0.07425929406322919
0.08060000000000128	3.153257956598307e-11	0.9256481364631971	0.07435186350527043
0.08070000000000128	3.0600651007424784e-11	0.9255555762785691	0.07444442369083039
0.08080000000000129	2.969626509999782e-11	0.9254630253494692	0.07453697462083467
0.08090000000000129	2.881860783534888e-11	0.9253704836749728	0.07462951629620877
0.0810000000000013	2.7966889262707075e-11	0.9252779512541551	0.07472204871787812
0.0811000000000013	2.7140342777874912e-11	0.9251854280860917	0.07481457188676803
0.0812000000000013	2.6338224433232778e-11	0.9250929141698582	0.07490708580380373
0.0813000000000013	2.5559812268135874e-11	0.92500040950453	0.07499959046991037
0.0814000000000013	2.4804405659100915e-11	0.9249079140891828	0.07509208588601297
0.08150000000000131	2.407132468919771e-11	0.9248154279228924	0.07518457205303651
0.08160000000000131	2.3359909536078022e-11	0.9247229510047345	0.07527704897190583
0.08170000000000131	2.266951987809095e-11	0.924630483333785	0.0753695166435457
0.08180000000000132	2.1999534317950208e-11	0.9245380249091198	0.07546197506888079
0.08190000000000132	2.1349349823434633e-11	0.9244455757298151	0.0755544242488357
0.08200000000000132	2.071838118461849e-11	0.9243531357949469	0.0756468641843349
0.08210000000000132	2.0106060487143047e-11	0.9242607051035914	0.0757392948763028
0.08220000000000133	1.951183660105532e-11	0.9241682836548247	0.07583171632566371
0.08230000000000133	1.8935174684753915e-11	0.9240758714477233	0.07592412853334182
0.08240000000000133	1.83755557035955e-11	0.9239834684813635	0.07601653150026128
0.08250000000000134	1.783247596272859e-11	0.9238910747548218	0.0761089252273461
0.08260000000000134	1.7305446653734193e-11	0.9237986902671748	0.07620130971552021
0.08270000000000134	1.679399341466523e-11	0.923706315017499	0.07629368496570746
0.08280000000000134	1.6297655903088785e-11	0.9236139490048711	0.07638605097883161
0.08290000000000135	1.5815987381746835e-11	0.9235215922283682	0.07647840775581631
0.08300000000000135	1.5348554316462574e-11	0.9234292446870668	0.07657075529758513
0.08310000000000135	1.489493598593039e-11	0.923336906380044	0.07666309360506153
0.08320000000000136	1.44547241030383e-11	0.9232445773063768	0.0767554226791689
0.08330000000000136	1.4027522447381993e-11	0.9231522574651423	0.07684774252083054
0.08340000000000136	1.3612946508639724e-11	0.9230599468554178	0.07694005313096965
0.08350000000000136	1.3210623140487076e-11	0.9229676454762805	0.07703235451050931
0.08360000000000137	1.2820190224740081e-11	0.9228753533268077	0.07712464666037255
0.08370000000000137	1.244129634542442e-11	0.9227830704060769	0.0772169295814823
0.08380000000000137	1.2073600472477325e-11	0.9226907967131655	0.07730920327476136
0.08390000000000138	1.171677165479751e-11	0.9225985322471512	0.07740146774113249
0.08400000000000138	1.137048872236684e-11	0.9225062770071116	0.07749372298151833
0.08410000000000138	1.1034439997175644e-11	0.9224140309921246	0.07758596899684142
0.08420000000000138	1.0708323012691467e-11	0.9223217942012679	0.07767820578802423
0.08430000000000139	1.0391844241618779e-11	0.9222295666336195	0.07777043335598911
0.08440000000000139	1.00847188317046e-11	0.9221373482882574	0.07786265170165836
0.0845000000000014	9.786670349352246e-12	0.9220451391642597	0.07795486082595415
0.0846000000000014	9.49743053081244e-12	0.9219529392607045	0.07804706072979857
0.0847000000000014	9.216739040727824e-12	0.9218607485766702	0.07813925141411361
0.0848000000000014	8.944343237813576e-12	0.921768567111235	0.07823143287982119
0.0849000000000014	8.679997947463198e-12	0.9216763948634774	0.07832360512784312
0.08500000000000141	8.423465241074828e-12	0.921584231832476	0.0784157681591011
0.08510000000000141	8.174514221899435e-12	0.9214920780173093	0.0785079219745168
0.08520000000000141	7.932920817218163e-12	0.921399933417056	0.07860006657501173
0.08530000000000142	7.698467576661767e-12	0.9213077980307948	0.07869220196150734
0.08540000000000142	7.470943476490598e-12	0.9212156718576047	0.07878432813492499
0.08550000000000142	7.2501437296589984e-12	0.9211235548965645	0.07887644509618594
0.08560000000000142	7.035869601493143e-12	0.9210314471467533	0.07896855284621135
0.08570000000000143	6.827928230816413e-12	0.9209393486072504	0.0790606513859223
0.08580000000000143	6.626132456361327e-12	0.9208472592771346	0.07915274071623978
0.08590000000000143	6.430300648311766e-12	0.9207551791554855	0.07924482083808468
0.08600000000000144	6.240256544823883e-12	0.9206631082413824	0.07933689175237779
0.08610000000000144	6.0558290933785435e-12	0.9205710465339048	0.07942895346003984
0.08620000000000144	5.8768522968225194e-12	0.9204789940321322	0.07952100596199142
0.08630000000000144	5.7031650639598435e-12	0.9203869507351442	0.07961304925915308
0.08640000000000145	5.534611064558864e-12	0.9202949166420206	0.07970508335244524
0.08650000000000145	5.3710385886444824e-12	0.9202028917518411	0.07979710824278824
0.08660000000000145	5.212300409948941e-12	0.9201108760636858	0.07988912393110234
0.08670000000000146	5.0582536533982444e-12	0.9200188695766345	0.07998113041830768
0.08680000000000146	4.9087596665149465e-12	0.9199268722897673	0.08007312770532433
0.08690000000000146	4.7636838946215695e-12	0.9198348842021644	0.08016511579307227
0.08700000000000147	4.622895759732308e-12	0.9197429053129061	0.08025709468247137
0.08710000000000147	4.486268543024031e-12	0.9196509356210727	0.08034906437444143
0.08720000000000147	4.353679270780791e-12	0.9195589751257446	0.08044102486990214
0.08730000000000147	4.225008603709175e-12	0.9194670238260023	0.0805329761697731
0.08740000000000148	4.100140729524892e-12	0.9193750817209264	0.08062491827497384
0.08750000000000148	3.978963258713898e-12	0.9192831488095977	0.08071685118642376
0.08760000000000148	3.8613671233742485e-12	0.9191912250910969	0.0808087749050422
0.08770000000000149	3.747246479047624e-12	0.9190993105645048	0.08090068943174838
0.08780000000000149	3.63649860945218e-12	0.9190074052289025	0.08099259476746147
0.08790000000000149	3.5290238340309536e-12	0.9189155090833709	0.08108449091310051
0.0880000000000015	3.42472541823264e-12	0.9188236221269913	0.08117637786958445
0.0881000000000015	3.3235094864439666e-12	0.9187317443588447	0.08126825563783219
0.0882000000000015	3.2252849374953037e-12	0.9186398757780126	0.08136012421876247
0.0883000000000015	3.129963362663465e-12	0.9185480163835764	0.081451983613294
0.0884000000000015	3.0374589660978912e-12	0.9184561661746176	0.08154383382234537
0.08850000000000151	2.947688487598591e-12	0.9183643251502176	0.08163567484683508
0.08860000000000151	2.860571127676345e-12	0.9182724933094583	0.08172750668768154
0.08870000000000151	2.77602847482771e-12	0.9181806706514213	0.08181932934580306
0.08880000000000152	2.6939844349593753e-12	0.9180888571751885	0.08191114282211788
0.08890000000000152	2.614365162898343e-12	0.9179970528798419	0.08200294711754413
0.08900000000000152	2.537098995926288e-12	0.9179052577644634	0.08209474223299985
0.08910000000000153	2.462116389278276e-12	0.9178134718281352	0.082186528169403
0.08920000000000153	2.3893498535477793e-12	0.9177216950699396	0.08227830492767142
0.08930000000000153	2.318733893941659e-12	0.9176299274889588	0.0823700725087229
0.08940000000000153	2.250204951330429e-12	0.9175381690842751	0.0824618309134751
0.08950000000000154	2.183701345040751e-12	0.9174464198549711	0.08255358014284561
0.08960000000000154	2.1191632173386643e-12	0.9173546798001293	0.08264532019775192
0.08970000000000154	2.0565324795535874e-12	0.9172629489188324	0.08273705107911143
0.08980000000000155	1.995752759794592e-12	0.9171712272101632	0.08282877278784144
0.08990000000000155	1.9367693522118984e-12	0.9170795146732045	0.08292048532485918
0.09000000000000155	1.8795291677579175e-12	0.9169878113070391	0.08301218869108178
0.09010000000000155	1.8239806864035257e-12	0.9168961171107501	0.08310388288742625
0.09020000000000156	1.7700739107665608e-12	0.9168044320834208	0.08319556791480955
0.09030000000000156	1.7177603211108049e-12	0.9167127562241341	0.08328724377414852
0.09040000000000156	1.6669928316749464e-12	0.9166210895319734	0.08337891046635994
0.09050000000000157	1.6177257482922174e-12	0.9165294320060221	0.08347056799236045
0.09060000000000157	1.5699147272625591e-12	0.9164377836453638	0.08356221635306665
0.09070000000000157	1.5235167354402998e-12	0.9163461444490818	0.08365385554939501
0.09080000000000157	1.4784900115014192e-12	0.9162545144162599	0.08374548558226193
0.09090000000000158	1.4347940283555384e-12	0.9161628935459819	0.08383710645258369
0.09100000000000158	1.3923894566688032e-12	0.9160712818373314	0.0839287181612765
0.09110000000000158	1.3512381294648293e-12	0.9159796792893926	0.08402032070925651
0.09120000000000159	1.3113030077718477e-12	0.9158880859012494	0.08411191409743972
0.09130000000000159	1.2725481472851312e-12	0.9157965016719858	0.08420349832674207
0.09140000000000159	1.2349386660146929e-12	0.915704926600686	0.08429507339807939
0.0915000000000016	1.1984407128891415e-12	0.9156133606864345	0.08438663931236744
0.0916000000000016	1.1630214372874334e-12	0.9155218039283155	0.08447819607052187
0.0917000000000016	1.1286489594710955e-12	0.9154302563254135	0.08456974367345826
0.0918000000000016	1.0952923418903094e-12	0.9153387178768131	0.08466128212209209
0.0919000000000016	1.0629215613380287e-12	0.9152471885815988	0.08475281141733873
0.09200000000000161	1.0315074819270666e-12	0.9151556684388554	0.08484433156011349
0.09210000000000161	1.0010218288658306e-12	0.9150641574476679	0.08493584255133156
0.09220000000000161	9.714371630091021e-13	0.914972655607121	0.08502734439190805
0.09230000000000162	9.427268561609539e-13	0.9148811629162998	0.08511883708275798
0.09240000000000162	9.148650671075762e-13	0.9147896793742895	0.08521032062479628
0.09250000000000162	8.878267183584414e-13	0.914698204980175	0.08530179501893777
0.09260000000000163	8.615874735748686e-13	0.9146067397330417	0.08539326026609721
0.09270000000000163	8.361237156656774e-13	0.9145152836319752	0.08548471636718925
0.09280000000000163	8.114125255302115e-13	0.9144238366760608	0.08557616332312845
0.09290000000000163	7.874316614296016e-13	0.9143323988643839	0.08566760113482927
0.09300000000000164	7.64159538967699e-13	0.9142409701960303	0.0857590298032061
0.09310000000000164	7.415752116636626e-13	0.9141495506700859	0.08585044932917323
0.09320000000000164	7.196583520987123e-13	0.9140581402856361	0.08594185971364483
0.09330000000000165	6.983892336200802e-13	0.9139667390417672	0.08603326095753504
0.09340000000000165	6.777487125856922e-13	0.913875346937565	0.08612465306175784
0.09350000000000165	6.577182111335974e-13	0.9137839639721157	0.08621603602722717
0.09360000000000165	6.382797004606391e-13	0.9136925901445054	0.08630740985485687
0.09370000000000166	6.19415684595315e-13	0.9136012254538205	0.08639877454556065
0.09380000000000166	6.011091846502221e-13	0.9135098698991473	0.08649013010025217
0.09390000000000166	5.833437235399121e-13	0.9134185234795722	0.08658147651984498
0.09400000000000167	5.661033111504024e-13	0.9133271861941819	0.08667281380525255
0.09410000000000167	5.493724299469945e-13	0.9132358580420629	0.08676414195738825
0.09420000000000167	5.331360210074456e-13	0.913144539022302	0.08685546097716537
0.09430000000000167	5.173794704679217e-13	0.913053229133986	0.0869467708654971
0.09440000000000168	5.020885963695346e-13	0.9129619283762018	0.08703807162329652
0.09450000000000168	4.872496358936214e-13	0.9128706367480365	0.08712936325147666
0.09460000000000168	4.728492329742786e-13	0.9127793542485771	0.08722064575095043
0.09470000000000169	4.588744262770018e-13	0.9126880808769109	0.08731191912263064
0.09480000000000169	4.453126375326101e-13	0.9125968166321251	0.08740318336743004
0.09490000000000169	4.321516602159541e-13	0.9125055615133071	0.08749443848626126
0.0950000000000017	4.193796485592202e-13	0.9124143155195442	0.08758568448003687
0.0951000000000017	4.0698510688993984e-13	0.9123230786499241	0.08767692134966931
0.0952000000000017	3.9495687928410847e-13	0.9122318509035345	0.08776814909607096
0.0953000000000017	3.83284139525101e-13	0.9121406322794631	0.0878593677201541
0.0954000000000017	3.719563813593461e-13	0.9120494227767976	0.08795057722283091
0.09550000000000171	3.609634090399892e-13	0.911958222394626	0.08804177760501349
0.09560000000000171	3.5029532815003187e-13	0.9118670311320363	0.08813296886761382
0.09570000000000171	3.399425366966891e-13	0.9117758489881166	0.08822415101154384
0.09580000000000172	3.298957164689474e-13	0.9116846759619551	0.08831532403771536
0.09590000000000172	3.2014582465054635e-13	0.9115935120526402	0.08840648794704012
0.09600000000000172	3.1068408568083337e-13	0.91150235725926	0.08849764274042975
0.09610000000000173	3.015019833561671e-13	0.9114112115809031	0.0885887884187958
0.09620000000000173	2.925912531647592e-13	0.9113200750166581	0.08867992498304973
0.09630000000000173	2.839438748480561e-13	0.9112289475656136	0.08877105243410291
0.09640000000000173	2.75552065181965e-13	0.9111378292268583	0.0888621707728666
0.09650000000000174	2.6740827097142684e-13	0.9110467199994811	0.08895328000025199
0.09660000000000174	2.5950516225203096e-13	0.9109556198825708	0.08904438011717017
0.09670000000000174	2.5183562569255254e-13	0.9108645288752165	0.08913547112453214
0.09680000000000175	2.4439275819247434e-13	0.9107734469765073	0.08922655302324883
0.09690000000000175	2.3716986066873043e-13	0.9106823741855323	0.08931762581423104
0.09700000000000175	2.3016043202607924e-13	0.9105913105013809	0.0894086894983895
0.09710000000000175	2.2335816330567906e-13	0.9105002559231423	0.08949974407663484
0.09720000000000176	2.1675693200659937e-13	0.9104092104499062	0.08959078954987762
0.09730000000000176	2.1035079657515678e-13	0.9103181740807619	0.08968182591902829
0.09740000000000176	2.041339910571157e-13	0.9102271468147992	0.08977285318499721
0.09750000000000177	1.9810091990794038e-13	0.9101361286511078	0.08986387134869465
0.09760000000000177	1.922461529564272e-13	0.9100451195887775	0.08995488041103081
0.09770000000000177	1.8656442051718413e-13	0.9099541196268983	0.09004588037291576
0.09780000000000177	1.810506086475582e-13	0.9098631287645601	0.09013687123525951
0.09790000000000178	1.7569975454474198e-13	0.909772147000853	0.09022785299897197
0.09800000000000178	1.7050704207891612e-13	0.9096811743348672	0.09031882566496295
0.09810000000000178	1.6546779745840746e-13	0.909590210765693	0.09040978923414218
0.09820000000000179	1.6057748502296113e-13	0.9094992562924208	0.0905007437074193
0.09830000000000179	1.5583170316134014e-13	0.909408310914141	0.09059168908570384
0.09840000000000179	1.5122618034957828e-13	0.9093173746299442	0.09068262536990526
0.0985000000000018	1.4675677130632025e-13	0.909226447438921	0.09077355256093293
0.0986000000000018	1.4241945326178863e-13	0.9091355293401622	0.09086447065969612
0.0987000000000018	1.3821032233701966e-13	0.9090446203327585	0.09095537966710401
0.0988000000000018	1.341255900301086e-13	0.9089537204158009	0.09104627958406569
0.0989000000000018	1.301615798063024e-13	0.9088628295883804	0.09113717041149016
0.09900000000000181	1.2631472378887035e-13	0.908771947849588	0.09122805215028633
0.09910000000000181	1.225815595477741e-13	0.908681075198515	0.09131892480136301
0.09920000000000181	1.1895872698324706e-13	0.9085902116342528	0.09140978836562894
0.09930000000000182	1.1544296530147772e-13	0.9084993571558925	0.09150064284399273
0.09940000000000182	1.1203111007967528e-13	0.9084085117625257	0.09159148823736295
0.09950000000000182	1.0872009041787549e-13	0.9083176754532439	0.09168232454664804
0.09960000000000183	1.0550692617492344e-13	0.9082268482271388	0.09177315177275637
0.09970000000000183	1.0238872528614542e-13	0.9081360300833021	0.0918639699165962
0.09980000000000183	9.936268116029552e-14	0.9080452210208256	0.09195477897907574
0.09990000000000183	9.642607015343405e-14	0.9079544210388013	0.09204557896110305
